# шкаф;l1;l2;lo;система
2146;67;135;202;477(2) 632(2) 640(1) 925(2) 944(1) 1116(1) 1163(2) 1249(2) 1353(2) 1480(1) 1646(1) 1767(2) 1775(2) 2309(2) 2332(1) 2494(2) 2608(2) 2616(2) 2646(2) 2668(2) 2695(2) 2929(2) 3062(2) 3238(1) 3247(2) 3414(1) 3449(2) 3476(2) 3535(1) 3661(2) 3681(1) 3813(1) 3830(2) 3839(2) 3844(1) 3896(1) 3910(2) 4044(1) 4103(2) 4223(1) 4315(2) 4334(2) 4628(2) 4913(2) 5065(2) 5201(2) 5290(2) 5333(2) 5374(2) 5375(2) 5378(2) 5441(1) 5524(2) 5531(1) 5556(1) 5563(1) 5801(2) 5810(2) 6019(1) 6145(2) 6221(2) 6248(1) 6275(2) 6492(2) 6533(2) 6621(2) 7245(1) 7253(1) 7550(1) 7578(2) 7648(2) 7652(2) 7792(2) 7894(2) 8066(2) 8618(1) 8654(2) 8675(2) 8833(1) 8834(1) 8966(2) 9183(2) 9310(2) 9586(2) 9670(1) 9698(1) 9721(2) 9824(1) 9963(2) 10149(1) 10226(2) 10654(2) 10681(2) 10817(2) 10862(1) 10865(2) 10926(2) 10987(1) 11401(2) 11462(2) 11555(1) 11750(2) 12042(2) 12102(1) 12141(1) 12154(1) 12268(2) 12325(1) 12497(1) 12606(2) 12649(2) 12688(1) 12697(1) 13004(2) 13083(1) 13084(2) 13095(1) 13104(2) 13251(2) 13294(2) 13321(2) 13461(2) 13524(2) 13596(1) 13603(2) 13663(2) 13887(2) 14064(1) 14066(1) 14201(2) 14219(1) 14223(1) 14227(1) 14233(2) 14235(2) 14236(2) 14339(1) 14762(2) 14778(2) 14821(1) 14859(2) 15007(2) 15018(1) 15032(2) 15235(2) 15277(1) 15330(2) 15341(2) 15499(2) 15553(2) 15802(1) 15903(1) 16140(2) 16181(1) 16362(2) 16430(1) 16457(2) 16508(1) 16522(1) 16590(1) 16604(2) 16675(2) 16696(2) 17015(2) 17023(2) 17061(2) 17199(1) 17345(2) 17347(2) 17519(2) 17733(2) 17751(2) 17942(2) 18046(2) 18292(2) 18321(2) 18377(2) 18643(2) 18755(2) 18808(2) 18867(1) 18924(2) 19002(1) 19003(1) 19062(1) 19288(2) 19445(2) 19486(2) 19848(2) 19873(2) 20069(2) 20070(2) 20073(2) 20076(2) 20189(2) 20202(2) 20788(2) 20883(2) 21107(1) 21127(2) 21260(1) 21272(2)
520;52;146;198;129(2) 151(2) 186(2) 250(2) 375(2) 559(2) 631(2) 640(1) 770(2) 810(2) 839(2) 1053(2) 1566(2) 1930(2) 2130(1) 2332(1) 2501(2) 2610(2) 2613(2) 2617(2) 2777(1) 2929(1) 2937(2) 3132(2) 3137(2) 3152(2) 3390(2) 3413(1) 3414(2) 3432(2) 3579(2) 3747(2) 3806(2) 3813(2) 3836(2) 3839(1) 3844(2) 3896(1) 4011(2) 4044(2) 4046(2) 4185(2) 4223(2) 4355(2) 4523(1) 4619(2) 4628(1) 4815(1) 4832(1) 5153(2) 5197(2) 5200(2) 5338(2) 5377(2) 5453(2) 5466(2) 5469(2) 5472(2) 5475(2) 5530(1) 5531(1) 5552(2) 5662(2) 5780(2) 5801(1) 5843(2) 5860(2) 5918(2) 5919(2) 6050(2) 6143(2) 6167(1) 6248(2) 6406(1) 6522(2) 6533(1) 6942(2) 7148(1) 7253(2) 7486(2) 7514(2) 7939(2) 7951(2) 8450(1) 8618(2) 8718(2) 8734(1) 8744(1) 8748(1) 8763(2) 8780(2) 8833(1) 8834(1) 9132(2) 9241(2) 9364(2) 9563(2) 9690(1) 9698(1) 9824(1) 10051(2) 10126(2) 10318(2) 10654(1) 10907(1) 10961(2) 10970(2) 10987(1) 11063(2) 11126(2) 11152(2) 11177(2) 11391(2) 11408(2) 11474(2) 11478(2) 11484(2) 11555(2) 11613(2) 11649(2) 11653(1) 11747(2) 11750(1) 11840(2) 11861(2) 11941(2) 11966(2) 12102(2) 12103(2) 12141(1) 12147(2) 12154(2) 12325(2) 12369(2) 12372(2) 12497(2) 12644(2) 12697(2) 12913(2) 13019(2) 13075(2) 13083(2) 13095(1) 13355(2) 13431(2) 13514(2) 13564(2) 13598(2) 13601(1) 13628(1) 13849(2) 13979(2) 14001(2) 14006(2) 14059(2) 14064(1) 14081(2) 14223(2) 14235(1) 14236(1) 14821(2) 15018(1) 15265(2) 15413(2) 15556(2) 15653(2) 15689(1) 15903(1) 15922(1) 16142(2) 16148(1) 16168(2) 16181(1) 16205(2) 16242(2) 16508(2) 16522(1) 16590(1) 16681(1) 16782(2) 16925(1) 17094(2) 17520(2) 17607(2) 17733(1) 18243(2) 18479(2) 18498(2) 18805(2) 18980(2) 19003(2) 19054(2) 19100(2) 19177(2) 19589(2) 20116(2) 20158(2) 20383(1)
206;45;150;195;94(2) 204(2) 232(1) 330(1) 332(1) 334(2) 357(1) 361(2) 380(2) 497(1) 532(2) 630(2) 702(2) 905(2) 915(2) 1220(2) 1318(1) 1376(1) 1440(2) 1894(1) 1992(2) 2199(1) 2240(2) 2242(2) 2275(2) 2415(2) 2627(1) 2658(2) 2693(2) 2755(2) 2972(2) 2995(1) 3037(1) 3044(1) 3211(2) 3372(2) 3466(2) 3685(2) 3770(2) 3928(2) 4089(1) 4132(2) 4238(2) 4248(2) 4618(1) 4644(2) 4698(2) 4915(2) 5018(2) 5088(2) 5096(2) 5189(2) 5398(1) 5640(2) 5641(2) 5642(2) 5681(1) 5852(2) 5888(2) 5921(2) 5939(2) 5977(2) 6193(2) 6240(2) 6363(2) 6577(2) 6582(2) 6587(2) 6588(2) 6911(2) 7028(1) 7075(2) 7272(2) 7411(2) 7659(1) 7776(2) 7905(1) 8045(2) 8093(2) 8094(2) 8205(1) 8243(1) 8269(2) 8496(2) 8681(2) 8683(2) 8796(1) 9129(1) 9135(1) 9136(2) 9153(2) 9161(1) 9198(2) 9362(1) 9383(1) 9672(2) 9837(1) 9842(2) 9868(1) 9873(2) 9875(1) 10050(1) 10641(2) 10676(2) 11070(2) 11088(2) 11149(2) 11168(2) 11355(1) 11483(2) 11609(2) 11679(2) 11839(2) 11876(1) 11878(2) 11901(2) 11923(2) 12080(2) 12343(2) 12538(2) 12686(2) 12733(2) 12819(1) 12922(2) 12925(2) 13165(2) 13270(2) 13299(2) 13351(2) 13367(2) 13440(2) 13665(1) 13694(2) 14071(2) 14148(2) 14245(2) 14312(2) 14630(2) 14826(2) 14979(2) 15068(2) 15164(2) 15356(2) 15411(2) 15550(2) 16517(2) 16518(2) 16535(1) 16600(2) 16618(2) 16624(2) 17122(2) 17270(1) 17318(2) 17464(2) 17784(2) 17918(2) 18045(2) 18110(1) 18364(2) 18414(2) 18585(2) 18724(2) 18847(2) 19231(2) 19234(1) 19235(1) 19239(2) 19372(2) 19605(2) 19614(2) 19777(2) 20089(2) 20134(2) 20136(2) 20165(1) 20676(2) 20744(2) 20847(1) 20996(2) 21002(1) 21006(2) 21007(2) 21008(1) 21014(2) 21025(2) 21026(2) 21032(2) 21035(2) 21036(2) 21038(2) 21128(2) 21137(2) 21257(2) 21263(2)
6803;48;128;176;189(2) 206(2) 214(1) 256(2) 320(2) 358(2) 429(2) 594(1) 790(2) 886(2) 969(2) 1035(2) 1084(2) 1568(2) 1641(1) 1739(2) 1748(1) 1762(1) 1763(2) 1803(1) 1986(2) 2062(2) 2066(2) 2109(2) 2196(2) 2252(2) 2365(2) 2411(1) 2545(2) 2742(2) 2806(2) 2818(2) 2904(1) 2949(2) 2969(2) 2982(1) 3044(1) 3159(1) 3236(2) 3386(2) 3634(2) 3727(1) 3841(2) 3868(2) 3888(1) 4024(1) 4129(1) 4237(1) 4247(2) 4307(1) 4342(2) 4366(2) 4453(2) 4561(2) 4643(2) 4685(2) 4856(2) 4933(1) 4956(2) 4975(1) 4976(2) 4981(2) 5070(2) 5084(2) 5099(2) 5155(2) 5601(2) 5713(2) 5716(2) 5729(1) 5759(2) 5930(1) 6024(2) 6141(1) 6185(1) 6273(2) 6451(2) 6474(2) 6538(2) 6539(1) 6611(2) 6796(2) 6843(1) 7303(2) 7496(2) 7653(2) 7722(2) 7871(1) 7884(2) 8018(2) 8023(2) 8057(2) 8193(2) 8560(2) 8646(2) 8801(2) 8865(2) 9063(2) 9287(1) 9304(1) 9360(2) 9396(2) 9495(2) 9596(2) 10020(2) 10032(2) 10086(2) 10194(2) 10310(2) 10722(2) 10814(2) 10936(2) 11028(2) 11071(2) 11098(1) 11141(1) 11163(2) 11195(1) 11738(2) 11869(2) 11898(2) 12115(2) 12203(1) 12230(2) 12322(2) 12515(1) 12767(1) 12876(2) 12937(2) 13190(2) 13200(2) 13529(1) 13553(2) 13706(2) 13894(2) 13967(1) 14146(2) 14171(2) 14255(2) 14556(1) 14938(2) 15541(2) 15568(2) 15628(1) 15714(1) 15801(2) 15824(1) 15948(1) 16114(2) 16147(2) 16438(1) 16462(2) 17404(2) 17662(1) 18122(2) 18293(2) 18379(1) 19269(2) 19668(2) 19705(2) 20141(2) 20275(2) 20533(2) 20608(2) 20617(2) 20621(2) 20846(1) 20847(1) 20857(1) 20860(2) 20920(2) 20924(1) 20925(2) 20936(2) 21062(2) 21195(2)
35;44;113;157;155(2) 162(2) 386(2) 388(2) 426(2) 519(2) 730(2) 823(2) 1034(2) 1307(2) 1315(2) 1551(1) 1555(1) 1705(2) 1714(1) 1851(2) 2095(2) 2163(2) 2508(1) 2529(2) 2691(2) 2880(2) 2910(2) 3025(2) 3215(2) 3278(1) 3292(2) 3361(2) 3487(1) 3781(2) 3785(2) 4048(2) 4593(1) 4732(2) 5006(1) 5404(2) 5438(1) 5499(2) 5587(2) 5588(2) 5685(2) 5857(2) 5869(2) 6101(2) 6262(1) 6291(1) 6529(1) 6593(1) 6750(1) 6843(1) 6873(1) 7150(1) 7283(2) 7335(2) 7389(2) 7712(2) 7747(2) 7770(1) 8301(2) 8401(2) 8440(2) 8445(2) 8515(2) 8537(1) 8572(2) 8824(2) 9118(2) 9287(1) 9761(2) 10087(2) 10088(2) 10122(2) 10388(2) 10464(2) 10466(2) 10543(2) 10597(2) 10651(2) 10661(1) 10851(2) 11051(2) 11456(2) 11488(2) 11870(1) 11871(2) 11995(2) 12259(1) 12408(2) 12430(2) 12604(1) 12746(2) 12846(2) 12907(1) 13048(2) 13205(2) 13455(1) 13504(1) 13768(2) 13822(2) 13839(2) 13952(2) 14092(2) 14210(2) 14319(2) 14676(2) 14831(2) 14945(2) 15082(2) 15308(1) 15335(2) 15680(2) 15806(1) 15838(2) 15839(1) 15849(2) 15868(2) 15922(1) 15942(1) 15948(1) 15981(2) 15997(2) 16035(1) 16042(2) 16215(2) 16318(2) 16327(2) 16364(2) 16427(2) 16438(1) 16599(2) 16611(2) 16943(2) 17004(2) 17307(1) 17486(1) 17783(1) 17952(2) 17958(2) 17998(1) 18036(2) 18273(2) 18546(2) 19690(2) 20645(2) 20810(2) 20813(2) 20817(2) 20818(1) 20820(2) 20821(1) 20825(1) 20826(2) 20837(2) 20838(2) 20846(1) 21147(2) 21150(1)
190;22;134;156;83(1) 468(1) 870(2) 962(2) 998(2) 1310(2) 1668(2) 1804(2) 1820(2) 1838(2) 1853(2) 2002(2) 2118(2) 2147(2) 2402(2) 2507(2) 2515(2) 2743(2) 2931(2) 3279(2) 3281(2) 3309(1) 3362(2) 3552(1) 3596(2) 3753(2) 4056(2) 4207(1) 4214(2) 4301(2) 4391(2) 4404(1) 4434(2) 4678(2) 5202(2) 5286(2) 5325(2) 5507(1) 5636(2) 6161(1) 6483(1) 6652(2) 6688(2) 6829(2) 6833(2) 7157(2) 7361(2) 7464(2) 7529(2) 7569(2) 7759(2) 7907(2) 8010(2) 8017(1) 8073(2) 8382(2) 8534(2) 8576(2) 8788(2) 9115(2) 9141(2) 9249(2) 9709(2) 9773(2) 9898(2) 10071(2) 10079(2) 10560(2) 10562(2) 10601(2) 10709(2) 10929(2) 10979(2) 11122(2) 11178(2) 11575(1) 11764(2) 11849(2) 11850(2) 11945(2) 11964(2) 11992(2) 12011(2) 12073(2) 12125(2) 12140(2) 12142(2) 12222(2) 12314(1) 12342(1) 12591(2) 12703(2) 12976(2) 13121(2) 13181(1) 13197(1) 13206(2) 13484(2) 13496(2) 13599(2) 13652(1) 13815(2) 13898(2) 14138(1) 14192(2) 14267(2) 14356(2) 14442(2) 14444(2) 14453(2) 14689(2) 14899(2) 14904(2) 15039(2) 15074(2) 15171(2) 15176(2) 15290(2) 15414(2) 15633(2) 15643(2) 15651(2) 15669(2) 15670(2) 15696(2) 15843(2) 15937(2) 15987(2) 16032(2) 16091(2) 16096(2) 16128(2) 16178(1) 16317(1) 16383(2) 16402(2) 16708(2) 16747(2) 16764(2) 16783(2) 16820(1) 16852(2) 16987(2) 17137(1) 17306(2) 17584(2) 18596(1) 19053(2) 19511(2) 19512(2) 19544(2) 19570(2) 19994(2) 20047(2) 20172(2) 20431(2)
293;49;105;154;214(1) 359(1) 791(2) 1823(1) 1856(2) 2302(2) 2934(2) 3004(2) 3179(2) 3185(2) 3366(2) 3896(1) 4201(2) 4411(2) 5112(2) 5421(2) 5776(2) 6091(2) 6272(2) 6532(2) 6579(2) 6884(1) 7324(2) 8019(2) 8171(2) 8571(2) 8591(2) 8731(1) 8789(2) 8874(2) 9287(1) 9779(1) 9864(2) 9876(2) 9919(2) 9930(2) 9949(1) 9968(1) 10061(2) 10168(2) 10186(2) 10364(2) 10451(2) 10452(1) 10476(2) 10551(1) 10576(2) 10668(2) 10933(2) 11017(2) 11026(1) 11069(2) 11128(2) 11230(2) 11548(2) 11678(2) 11727(1) 11838(2) 11884(2) 11887(1) 11988(2) 12213(2) 12266(2) 12297(2) 12407(2) 12408(1) 12574(1) 12719(1) 12741(1) 12923(2) 12993(2) 13043(2) 13080(1) 13128(2) 13220(2) 13262(1) 13323(2) 13337(2) 13435(2) 13497(1) 13543(2) 13905(2) 13912(2) 13957(2) 13972(1) 13987(2) 14041(1) 14150(1) 14252(1) 14426(1) 14498(1) 14623(2) 14655(1) 14757(2) 14764(2) 14798(2) 14827(1) 14867(2) 14936(2) 14940(2) 14981(2) 15004(2) 15056(2) 15086(1) 15158(1) 15161(1) 15326(2) 15338(2) 15346(2) 15476(2) 15665(2) 15720(2) 15772(2) 15830(2) 15833(2) 15846(1) 15854(2) 15888(2) 15922(1) 15948(1) 15980(1) 16049(2) 16121(2) 16135(1) 16297(1) 16407(2) 16438(1) 16461(2) 16464(2) 16587(2) 16636(2) 16648(2) 16686(2) 16859(2) 17085(1) 17308(1) 17311(2) 17473(1) 17634(2) 19115(1) 19422(2) 19468(2) 19678(2) 20055(1) 20117(2) 20405(2) 20607(1) 20846(1) 20847(1) 21163(2) 21183(1) 21207(2) 21210(2) 21214(2)
296;49;102;151;5(2) 247(2) 259(2) 298(2) 359(2) 392(2) 741(2) 1404(1) 1508(2) 1548(2) 1551(1) 1855(2) 1856(1) 2050(2) 2057(1) 2075(1) 2457(2) 2784(2) 3224(2) 3643(2) 3751(2) 3896(1) 4104(2) 4336(1) 4345(2) 4911(2) 5358(2) 5420(2) 6884(1) 7073(2) 7716(1) 8427(1) 8559(2) 8702(2) 8748(2) 8803(2) 8924(1) 8948(1) 9287(1) 9468(2) 9779(1) 9919(1) 9949(1) 10268(2) 10309(2) 10346(1) 10431(2) 10576(1) 10643(1) 10655(2) 10678(2) 10756(2) 10825(2) 10981(2) 11040(1) 11060(2) 11182(2) 11230(1) 11301(2) 11513(2) 11542(1) 11633(2) 11726(2) 12047(2) 12422(2) 12550(1) 12574(1) 12774(1) 12955(2) 13018(2) 13078(2) 13080(1) 13128(1) 13255(2) 13260(2) 13262(2) 13301(2) 13323(1) 13333(2) 13335(2) 13419(2) 13463(2) 13497(1) 13621(2) 13682(2) 13688(2) 13708(2) 13755(2) 13972(2) 14016(2) 14036(2) 14040(2) 14150(1) 14278(2) 14285(2) 14426(1) 14454(2) 14467(2) 14498(2) 14503(1) 14598(2) 14600(2) 14680(1) 14693(2) 14700(2) 14763(2) 14917(2) 14936(1) 14943(2) 15086(2) 15353(2) 15355(2) 15407(2) 15434(2) 15469(2) 15502(2) 15546(2) 15547(2) 15838(1) 15846(1) 15922(1) 15924(1) 15948(1) 16103(2) 16104(2) 16135(2) 16175(2) 16297(1) 16350(2) 16406(2) 16407(1) 16436(2) 16438(1) 16461(1) 16565(2) 16587(1) 16685(2) 16846(2) 17311(1) 19500(1) 19504(2) 19572(2) 19924(2) 19951(2) 20178(2) 20382(2) 20624(2) 20818(1) 20846(1) 20847(1) 21187(2)
337;50;96;146;364(1) 403(2) 459(2) 669(2) 685(2) 823(1) 1052(2) 1315(1) 1425(2) 1551(1) 1555(1) 1574(2) 1588(2) 1953(2) 1989(2) 2354(2) 2748(2) 2783(1) 2801(2) 2974(2) 3055(2) 3134(2) 3242(2) 3260(2) 3278(1) 3306(2) 3376(2) 3582(2) 3628(2) 3696(1) 3772(1) 3876(1) 3889(2) 4180(2) 4226(2) 4422(2) 4457(2) 4498(2) 4593(1) 4961(2) 5058(2) 5069(1) 5196(2) 5276(2) 5284(2) 5661(2) 5856(2) 6130(2) 6291(1) 6327(2) 6449(2) 6843(1) 6844(2) 6873(1) 7050(2) 7080(1) 7130(1) 7200(2) 7231(1) 7276(2) 7747(1) 7770(1) 7922(2) 8270(2) 8433(2) 8479(2) 8515(1) 8537(1) 8871(2) 8968(2) 9287(1) 9416(1) 9452(1) 9743(2) 9761(1) 9791(2) 9963(1) 9991(2) 10113(1) 10169(2) 10353(2) 10402(2) 10443(2) 11870(1) 11995(1) 12259(1) 12350(2) 12511(2) 12736(2) 12836(2) 12846(1) 12907(1) 13252(2) 13482(2) 13707(2) 13764(2) 13837(2) 14156(1) 14599(2) 14685(2) 14721(2) 14815(2) 14920(2) 15915(2) 15922(1) 15942(2) 15948(1) 15974(2) 16033(2) 16035(1) 16219(1) 16335(1) 16438(1) 16579(1) 16617(1) 16850(2) 16881(1) 16884(2) 17470(2) 17555(2) 17662(2) 17843(2) 17953(2) 17998(1) 18546(1) 18604(2) 18642(2) 19280(2) 19398(2) 19535(2) 19598(1) 19600(2) 19661(2) 20008(2) 20375(2) 20547(2) 20556(2) 20736(2) 20743(2) 20818(1) 20821(1) 20846(1) 21123(2) 21136(2) 21150(1) 21172(2)
1788;34;112;146;108(1) 134(2) 208(2) 536(2) 683(2) 718(1) 975(2) 1494(2) 1551(1) 1562(2) 1580(2) 1603(2) 1694(2) 1719(2) 1805(2) 1873(2) 1947(2) 1973(2) 2274(2) 2303(2) 2306(2) 2332(1) 2827(2) 2875(2) 3081(2) 3193(2) 3378(2) 3581(2) 3815(2) 3896(1) 3980(2) 4032(2) 4034(2) 4630(2) 4673(2) 4964(2) 5045(2) 5130(2) 5308(2) 5334(1) 5337(1) 5367(1) 6151(2) 6884(1) 7387(2) 7412(2) 7422(2) 7439(1) 7616(2) 7669(2) 8012(1) 8096(2) 8221(2) 8303(2) 8419(2) 8731(1) 8774(2) 8948(1) 9025(2) 9223(2) 9287(1) 9514(2) 9541(2) 9677(2) 9779(1) 9931(2) 9949(1) 10013(2) 10128(2) 10338(2) 10439(2) 10452(2) 10732(2) 10796(2) 10890(1) 10897(2) 10937(2) 11130(2) 11186(1) 11247(2) 11952(2) 11988(1) 12008(2) 12052(2) 12145(1) 12192(2) 12243(2) 12271(2) 12397(2) 12719(2) 12749(2) 13134(2) 13180(2) 13252(1) 13370(2) 13417(1) 13528(2) 13549(2) 14150(1) 14295(2) 14305(2) 14336(2) 14370(2) 14502(1) 14531(2) 14680(1) 15361(2) 15583(1) 15719(2) 15727(2) 15881(2) 15917(2) 15922(1) 15942(1) 15948(1) 16140(1) 16297(1) 16579(2) 16619(2) 16680(2) 16828(2) 16985(2) 17689(2) 18095(2) 18218(2) 18275(2) 18565(2) 18763(2) 19115(1) 19289(2) 19362(2) 19365(2) 19450(2) 19608(2) 19682(2) 19697(2) 19943(2) 20032(2) 20236(2) 20282(2) 20475(2) 20493(2) 20504(2) 20846(1) 20847(1) 21217(2)
130;40;105;145;214(2) 315(1) 376(2) 451(2) 530(2) 640(1) 871(2) 1246(2) 1275(2) 1805(1) 2091(2) 2841(2) 2939(2) 2958(2) 2977(2) 3191(2) 3252(2) 3432(1) 3761(2) 3784(2) 3896(1) 4063(2) 4371(2) 4661(2) 5395(2) 5753(2) 5853(2) 5859(2) 5898(2) 6213(2) 6272(1) 6306(2) 6393(2) 6884(1) 7004(2) 7259(1) 7396(2) 7518(2) 7935(1) 7942(1) 8028(2) 8053(2) 8084(2) 8280(2) 8702(1) 8948(2) 9082(2) 9100(2) 9112(2) 9117(2) 9178(2) 9287(1) 9528(2) 9779(1) 9931(1) 9949(1) 9961(2) 10053(2) 10131(1) 10365(1) 10411(2) 10452(1) 10660(2) 10668(1) 10916(2) 11230(1) 11532(2) 11621(2) 12145(2) 12389(2) 12566(2) 12974(2) 12986(2) 13093(2) 13173(2) 13305(2) 13370(1) 13382(2) 13427(2) 13497(2) 13563(2) 13658(2) 14020(2) 14041(2) 14150(1) 14205(2) 14207(2) 14212(1) 14500(2) 14599(1) 14636(2) 14645(2) 14652(2) 14653(2) 14654(2) 14655(2) 14718(2) 14726(2) 14733(2) 14757(1) 14982(2) 15044(2) 15141(2) 15142(2) 15160(2) 15161(1) 15248(2) 15280(2) 15315(2) 15407(1) 15415(1) 15511(2) 15538(1) 15566(2) 15846(1) 15862(2) 15922(1) 15942(1) 15948(1) 16203(2) 16297(1) 16452(2) 16524(2) 16586(2) 16635(2) 16669(2) 16706(2) 16994(2) 17493(2) 18278(2) 18656(2) 18856(2) 19428(2) 19696(1) 19734(2) 19776(1) 20360(2) 20602(2) 20607(1) 20611(2) 20619(2) 20624(1) 20846(1) 20847(1) 20891(2)
27;14;130;144;177(2) 291(2) 299(2) 469(2) 485(1) 520(2) 609(2) 769(2) 931(2) 1015(2) 1336(2) 1682(2) 1760(2) 2288(2) 2335(2) 2375(2) 2790(2) 2924(2) 3293(2) 3399(2) 3595(2) 3952(2) 4021(2) 4089(1) 4451(2) 4454(2) 4466(2) 4473(2) 4486(2) 4492(2) 4528(2) 4695(2) 4834(2) 5068(2) 5259(2) 5301(2) 5461(2) 5681(1) 6234(2) 6373(2) 6374(1) 6799(2) 6803(2) 6854(2) 7097(2) 7305(2) 7337(2) 7665(2) 7992(2) 8077(2) 8393(2) 8426(1) 8516(2) 8533(2) 8569(2) 9188(2) 9322(2) 9812(2) 9949(2) 9987(2) 10093(2) 10136(2) 10156(2) 10157(2) 10167(2) 10192(2) 10212(2) 10277(2) 10519(2) 10930(2) 10945(1) 10971(2) 10989(2) 11074(2) 11305(2) 11552(2) 11566(2) 11631(2) 11741(2) 11752(2) 11757(2) 11894(2) 12155(2) 12305(2) 12357(1) 12498(2) 12512(2) 12574(1) 12787(2) 12845(2) 12888(2) 12905(1) 12932(2) 13032(2) 13172(2) 13648(2) 13687(2) 13872(2) 14075(2) 14110(2) 14135(1) 14149(1) 14214(2) 14681(2) 14754(2) 14780(2) 14850(2) 14856(2) 14959(2) 15206(2) 15424(1) 15507(2) 15657(2) 15869(2) 15870(1) 15960(2) 16021(2) 16061(2) 16088(2) 16132(2) 16141(2) 16149(2) 16403(2) 16442(2) 16514(2) 16593(2) 16603(2) 16625(2) 16888(2) 16909(2) 17037(2) 17039(2) 17056(2) 17180(2) 18531(2) 19218(2) 19254(2) 20072(2) 20177(2) 20254(2) 20302(1) 20381(2) 21268(2) 21273(2)
687;43;98;141;152(2) 182(1) 307(2) 324(2) 372(2) 828(1) 1065(2) 1122(1) 1413(1) 1418(2) 1743(2) 1886(2) 2164(2) 2281(2) 2347(2) 2358(2) 2538(2) 2692(2) 3312(2) 3403(1) 3616(1) 3632(2) 3653(2) 4027(2) 4116(2) 4136(2) 4138(2) 4184(2) 4259(1) 4349(1) 4604(2) 4949(2) 5433(2) 5473(1) 5572(1) 5847(2) 5915(2) 5932(2) 6181(2) 6311(2) 6689(2) 6695(2) 6718(2) 6954(2) 7045(1) 7160(2) 7349(1) 7465(2) 7494(2) 7615(2) 7876(2) 7878(1) 8151(2) 8958(1) 8961(2) 9006(2) 9246(1) 9635(2) 9641(1) 9660(2) 9734(1) 9795(2) 10250(1) 10366(2) 10400(1) 10412(1) 10646(2) 11707(2) 12179(2) 12214(2) 12510(2) 12516(2) 12534(2) 12547(1) 12561(2) 12672(2) 12735(1) 12757(2) 12954(2) 13013(2) 13315(1) 13407(1) 13439(1) 14129(1) 14173(2) 14256(2) 14284(2) 14450(1) 14670(2) 14694(2) 15094(2) 15096(1) 15240(1) 15241(1) 15333(1) 15483(2) 15571(1) 15832(1) 15967(2) 16202(2) 16418(2) 16420(1) 16421(2) 16422(2) 16575(1) 17098(2) 17339(2) 17420(2) 17889(2) 18107(2) 18187(2) 18197(2) 18294(2) 18408(2) 18433(2) 18815(2) 18817(2) 19017(1) 19329(2) 19565(2) 19616(2) 19638(1) 19643(2) 19644(1) 19645(1) 19657(2) 19659(2) 20064(1) 20065(2) 20310(2) 20399(2) 20426(2) 20429(2) 20430(2) 20724(2) 20727(1) 20729(2) 20730(1) 21206(2) 21208(1) 21226(2)
739;44;96;140;798(2) 838(2) 882(2) 1091(2) 1275(1) 1300(2) 1653(2) 1744(2) 1864(2) 2082(2) 2155(2) 2181(2) 2188(2) 3218(2) 3275(2) 3338(1) 3896(1) 4006(2) 4129(1) 4395(1) 4535(2) 4794(2) 4888(2) 5841(2) 5853(1) 5983(2) 6032(2) 6194(2) 6407(2) 6444(2) 6825(2) 6864(2) 6869(2) 6884(1) 7004(1) 7162(1) 7259(2) 7281(2) 7406(2) 7568(2) 7740(2) 7874(1) 7877(2) 7891(2) 8731(1) 8781(2) 8925(2) 9005(2) 9258(2) 9429(2) 9779(1) 9910(2) 9949(1) 10418(2) 10435(2) 10808(2) 10816(2) 10894(2) 11027(2) 11275(2) 11621(1) 11712(2) 11854(1) 11950(2) 11977(1) 12145(1) 12236(2) 12239(2) 12290(2) 12442(2) 12533(2) 12730(2) 12731(2) 12979(2) 13023(1) 13079(1) 13308(2) 13387(2) 14019(2) 14020(1) 14041(1) 14150(1) 14169(2) 14209(2) 14281(2) 14645(1) 14655(1) 14666(2) 14680(1) 14895(2) 15158(1) 15195(2) 15342(2) 15538(2) 15566(1) 15716(2) 15922(1) 15923(2) 15948(1) 16221(2) 16246(2) 16297(1) 16365(2) 16392(2) 16452(1) 16502(2) 16512(1) 16602(2) 16607(2) 16681(1) 16735(2) 17160(2) 17202(2) 17308(2) 17493(1) 17522(2) 18497(1) 18554(2) 18656(1) 18744(1) 19050(2) 19115(1) 19293(1) 19391(2) 19542(2) 19571(2) 19627(2) 19696(2) 19776(2) 20077(2) 20200(2) 20279(1) 20285(2) 20388(2) 20609(2) 20611(1) 20846(1) 20847(1) 20898(2) 20909(1)
11977;52;87;139;102(2) 116(1) 147(2) 232(1) 235(1) 332(1) 794(1) 908(2) 1003(2) 1017(2) 1220(1) 1288(2) 1306(2) 1318(1) 1364(2) 1679(1) 1831(2) 2076(1) 2415(1) 2458(2) 2465(1) 3044(1) 3077(2) 3272(1) 3393(2) 3445(2) 3700(2) 3913(1) 4050(2) 4248(1) 4467(2) 4598(2) 4618(1) 4934(2) 4977(2) 4983(2) 5014(1) 5163(1) 5225(2) 5639(2) 5681(1) 5727(1) 6022(1) 6025(2) 6058(2) 6231(2) 6279(1) 6347(2) 6580(2) 6747(2) 6885(2) 7048(1) 7059(2) 7133(2) 7271(2) 7272(1) 7934(2) 8201(2) 8205(1) 8245(2) 8298(2) 8388(2) 8685(2) 8911(1) 9131(2) 9135(1) 9250(2) 9362(1) 9383(1) 9624(2) 9685(2) 9798(2) 9822(2) 10139(2) 10143(1) 10266(2) 10528(1) 10643(1) 10650(2) 10729(2) 10984(2) 11075(2) 11083(1) 11420(1) 11449(2) 11695(2) 11705(2) 11753(2) 11876(1) 11927(1) 12145(1) 12161(1) 12253(2) 12267(2) 12823(1) 13030(1) 13199(2) 13529(1) 13654(2) 14107(2) 14172(2) 14337(2) 14338(2) 14760(1) 14761(2) 14852(1) 15009(2) 15263(2) 15412(1) 15656(1) 15766(2) 15962(1) 15990(1) 16081(2) 16199(2) 16597(2) 16624(1) 16741(2) 16765(2) 16873(2) 17578(2) 17939(2) 18402(2) 19086(2) 19210(2) 19234(1) 19397(2) 19801(2) 20110(2) 20137(2) 20231(2) 20663(2) 20847(1) 20875(2) 20880(2) 21128(1) 21144(2) 21153(1) 21182(2)
32;40;97;137;170(2) 426(1) 430(1) 635(2) 675(2) 718(2) 1123(1) 1551(2) 1555(2) 1688(2) 2291(2) 2354(1) 2783(1) 3098(2) 3278(2) 3377(2) 3539(2) 3545(2) 3658(2) 3766(2) 3858(1) 3876(1) 4330(2) 4510(2) 4593(2) 4932(2) 5258(2) 5327(2) 5588(1) 6049(2) 6130(1) 6593(2) 6600(2) 6750(2) 6772(2) 6843(2) 6873(2) 7067(2) 7125(2) 7130(1) 7150(2) 7323(2) 7509(1) 7697(2) 7712(1) 7770(2) 7772(1) 8069(2) 8086(2) 8155(2) 8367(2) 8401(1) 8402(2) 8501(2) 8515(1) 8537(1) 8731(1) 8927(2) 9057(2) 9223(1) 9287(2) 9416(1) 9425(2) 9754(2) 9761(1) 9797(2) 10027(2) 10113(2) 10154(2) 10661(2) 10785(2) 11020(2) 11943(2) 12050(2) 12259(2) 12450(2) 12604(2) 12901(2) 12907(2) 13205(1) 13213(2) 13396(2) 13768(1) 13972(1) 14080(1) 14303(2) 14335(2) 14666(1) 14994(2) 15286(1) 15308(2) 15686(2) 15838(1) 15846(1) 15849(1) 15922(1) 15942(1) 15944(2) 15948(2) 16035(2) 16297(1) 16360(1) 16438(2) 16739(2) 16885(1) 17106(2) 17348(2) 17783(2) 17998(2) 18496(2) 18546(1) 18684(2) 18951(2) 19034(2) 19178(1) 19222(2) 19283(2) 19294(2) 19619(2) 19690(1) 19893(2) 19996(1) 20052(2) 20384(2) 20494(1) 20610(2) 20811(2) 20815(2) 20818(2) 20821(2) 20823(2) 20825(2) 20839(2) 20844(2) 20846(2) 21228(2) 21256(1)
363;53;83;136;196(2) 426(1) 430(2) 854(1) 1223(2) 1551(1) 1614(2) 1693(2) 1714(1) 1811(1) 1932(2) 2086(2) 2142(2) 2232(2) 2386(2) 2508(1) 2752(2) 2783(1) 2915(2) 3278(1) 3663(2) 3858(2) 3876(2) 4033(2) 4343(1) 4441(2) 4593(1) 4704(2) 4766(1) 4874(2) 5006(2) 5593(2) 5949(2) 6023(2) 6044(2) 6176(2) 6216(2) 6291(1) 6434(2) 6593(1) 6750(1) 6843(1) 6850(2) 6873(1) 6982(2) 6999(2) 7077(2) 7080(2) 7149(2) 7449(2) 7463(1) 7519(2) 7528(1) 7620(2) 8012(1) 8301(1) 8384(2) 8399(1) 8439(2) 8443(2) 8445(1) 8808(2) 8814(2) 8818(1) 8819(2) 8904(2) 8974(1) 9287(1) 9426(2) 9457(2) 9839(2) 10190(2) 10424(2) 10661(1) 10887(2) 10944(2) 11127(2) 11295(2) 11376(2) 12203(2) 12259(1) 12397(1) 12597(1) 12666(2) 12709(1) 12907(1) 13208(2) 13504(1) 13507(2) 14004(2) 14035(2) 14234(2) 14375(2) 14499(2) 14731(2) 15054(2) 15082(1) 15196(2) 15284(2) 15769(2) 15839(2) 15849(1) 15948(1) 16001(2) 16023(1) 16035(1) 16155(2) 16302(2) 16304(2) 16438(1) 16875(2) 16885(2) 17021(2) 17307(1) 17486(2) 17592(1) 17875(2) 17998(1) 18043(2) 18361(2) 18444(2) 18478(2) 18546(1) 18575(1) 20007(2) 20133(2) 20271(1) 20592(1) 20811(1) 20816(1) 20818(1) 20820(1) 20821(1) 20846(1) 21150(1) 21256(1)
509;14;112;126;564(2) 580(2) 717(2) 794(2) 853(2) 1157(2) 1194(2) 1290(2) 1297(2) 1481(2) 1632(2) 1833(2) 2145(2) 2249(2) 2415(1) 2465(1) 2586(2) 2671(2) 2684(2) 2951(2) 2968(2) 3040(2) 3067(2) 3283(2) 3392(2) 3477(2) 3713(2) 4047(1) 4081(2) 4183(2) 4740(2) 4973(2) 5014(2) 5171(2) 5260(2) 5341(2) 5646(2) 5727(2) 5735(2) 6035(2) 6207(2) 6598(2) 6877(2) 7074(2) 7264(2) 7528(1) 7588(2) 7812(2) 7870(2) 8218(2) 8276(2) 8426(1) 8432(2) 8435(2) 8464(2) 8732(2) 8920(2) 8973(2) 9114(2) 9130(2) 9626(2) 9805(2) 9857(2) 9879(2) 10025(2) 10045(2) 10082(2) 10182(2) 10486(2) 10522(2) 10643(2) 10658(2) 10707(2) 10740(2) 10762(2) 11038(2) 11065(2) 11083(1) 11230(1) 11561(2) 11778(2) 11961(2) 11996(2) 12168(2) 12293(2) 12580(2) 12581(2) 12898(2) 13055(2) 13159(2) 13243(1) 13381(1) 13759(1) 13780(2) 14230(2) 14590(2) 14941(2) 15622(2) 15624(2) 15677(2) 15820(2) 15870(2) 15912(2) 15972(2) 16022(2) 16161(2) 16751(2) 17483(2) 17788(2) 17799(2) 18128(2) 18693(2) 18715(2) 18719(2) 19134(2) 19135(2) 19403(2) 19493(1) 19834(1) 20238(2) 20588(2) 20847(1) 20960(2) 20962(2) 20968(2) 21134(1)
6060;45;80;125;479(1) 488(2) 550(1) 629(1) 651(1) 794(1) 957(1) 1146(1) 1295(2) 1379(1) 1510(2) 1619(2) 1777(2) 1794(2) 1900(2) 1912(2) 1926(1) 2028(2) 2032(2) 2033(1) 2169(2) 2223(1) 2239(1) 2248(1) 2265(2) 2415(1) 2600(2) 2983(2) 3093(2) 3183(1) 3500(2) 3678(2) 3707(1) 3837(2) 3922(1) 3935(2) 3962(2) 4071(2) 4102(2) 4112(1) 4125(2) 4252(1) 4255(1) 4283(1) 4284(2) 4408(2) 4537(1) 4580(1) 4597(2) 4600(1) 4657(2) 4937(2) 5268(2) 5790(1) 5916(2) 5929(2) 6022(2) 6077(1) 6089(2) 6267(1) 6757(2) 6761(2) 6791(2) 6928(1) 6946(1) 7135(2) 7346(2) 7408(2) 7515(2) 7603(1) 7605(2) 7983(2) 7990(2) 8359(1) 8426(1) 8502(2) 8677(1) 8725(1) 8873(2) 8875(1) 8955(2) 9187(2) 9300(1) 9492(1) 9562(2) 10250(1) 10454(2) 10530(2) 10582(2) 10757(2) 11046(2) 11204(2) 11283(2) 11370(2) 11438(2) 11453(1) 11675(2) 12323(2) 12546(2) 12559(2) 12630(2) 12673(1) 12896(2) 13365(2) 14553(1) 14686(2) 14911(1) 15000(2) 15275(2) 15431(1) 15435(2) 15870(1) 16399(2) 16417(2) 17917(2) 18535(2) 18918(2) 19080(2) 19112(2) 19912(2) 20558(2) 20561(1) 20570(2) 21143(2) 21270(2)
1897;13;111;124;136(2) 144(2) 149(2) 596(2) 667(2) 1208(2) 1572(2) 1616(2) 1817(2) 2183(2) 2205(2) 2461(2) 2681(2) 2759(2) 2876(2) 2886(2) 3170(2) 3171(2) 3314(2) 3354(2) 3511(2) 3546(2) 3768(2) 3773(2) 3835(2) 3851(2) 4444(2) 4795(2) 4838(2) 4989(2) 5296(2) 5682(2) 5687(2) 5968(2) 6156(2) 6299(2) 6433(1) 6458(1) 6651(2) 6917(1) 7001(2) 7192(2) 7438(2) 7479(2) 7587(2) 7679(2) 7917(2) 8258(2) 8531(2) 8628(2) 8653(2) 8905(2) 9097(2) 9225(2) 9266(2) 9420(2) 9714(2) 9737(2) 9783(2) 9852(2) 10231(2) 10257(2) 10736(2) 10768(2) 10799(2) 10839(1) 10966(2) 11446(2) 11518(2) 11564(1) 11773(2) 11954(2) 12217(1) 12448(2) 12966(2) 13181(2) 13217(1) 13224(2) 13496(1) 13791(2) 14042(2) 14113(2) 14190(2) 14261(2) 14320(2) 14508(2) 14717(2) 14779(2) 14822(2) 14955(2) 15395(1) 15809(2) 15814(2) 15850(2) 16563(2) 16705(2) 16719(2) 17176(2) 17362(2) 17409(1) 17768(1) 18179(2) 18287(2) 18318(2) 18557(2) 18939(2) 19052(2) 19892(1) 19920(2) 19922(2) 19923(2) 19928(2) 19960(2) 19962(1) 19964(2) 19965(2) 19970(2) 20180(2) 20601(2) 20806(2) 21090(2) 21177(2) 21179(2) 21251(2)
192;33;85;118;96(2) 205(2) 225(2) 232(1) 272(2) 318(2) 332(1) 333(2) 497(2) 1166(2) 1264(2) 1318(1) 1608(2) 1950(2) 2199(2) 2236(2) 3037(1) 3111(2) 3200(2) 4618(1) 4983(1) 5008(2) 5009(2) 5010(2) 5018(1) 5043(2) 5255(2) 5398(1) 5681(1) 5835(2) 6083(1) 6748(2) 7687(1) 7900(2) 7905(2) 8093(1) 8166(1) 8168(2) 8243(2) 8626(2) 8627(2) 8840(2) 9039(2) 9129(2) 9161(1) 9163(2) 9164(2) 9197(2) 9362(1) 9383(1) 9551(2) 9716(2) 9834(2) 9837(1) 9838(2) 9868(1) 9869(2) 9871(2) 9872(2) 9874(2) 9875(1) 10050(1) 10731(2) 11214(2) 11355(1) 11878(1) 11928(2) 13269(2) 13934(2) 14471(2) 14492(2) 14826(1) 14983(2) 15357(2) 16137(2) 16518(1) 16521(2) 16662(2) 16765(1) 17012(2) 17380(2) 17507(2) 17574(2) 17932(2) 17933(2) 17934(2) 18037(2) 18415(2) 18532(2) 19233(2) 19234(1) 19235(1) 19236(2) 19240(2) 19597(2) 20379(2) 20421(2) 20847(1) 20879(2) 20991(2) 20995(1) 21002(1) 21003(2) 21005(1) 21008(2) 21009(2) 21010(2) 21013(2) 21017(2) 21018(2) 21019(2) 21029(2) 21032(1) 21033(2) 21034(2) 21035(1) 21037(2) 21039(2)
11879;45;72;117;100(2) 125(2) 475(2) 553(1) 794(1) 893(2) 1144(2) 1218(2) 1258(2) 1295(1) 1321(2) 1481(1) 1631(2) 1679(2) 1709(2) 1962(2) 2393(1) 2415(1) 2586(1) 2698(2) 2792(1) 2916(2) 3024(2) 3044(1) 3187(2) 3460(2) 3521(2) 3555(2) 3660(2) 3811(2) 3934(2) 4047(1) 4065(2) 4235(2) 4284(1) 4343(2) 4438(2) 4534(2) 4922(2) 5014(1) 5028(2) 5138(2) 5175(2) 5681(1) 5862(1) 6046(2) 6088(2) 6598(1) 6605(1) 6761(1) 6805(2) 7234(2) 8060(2) 8426(1) 8480(2) 8725(1) 8938(2) 9122(2) 9161(1) 9187(1) 9309(1) 10139(1) 10365(1) 10465(2) 10528(1) 10643(1) 11083(1) 11151(2) 11230(1) 11822(1) 11931(2) 11933(2) 12197(2) 12212(2) 12292(1) 12293(1) 12588(2) 12709(2) 12849(2) 12898(1) 12910(1) 13005(2) 13204(2) 13605(2) 14457(2) 14559(2) 14756(1) 14760(1) 15685(2) 15709(2) 15832(1) 15855(2) 15870(1) 16652(2) 16670(2) 17341(2) 18143(2) 18301(1) 19074(1) 19167(2) 19342(2) 19423(2) 19493(1) 19526(2) 19666(2) 19765(2) 19860(2) 19958(2) 20237(1) 20382(1) 20404(2) 20646(2) 20797(2) 20846(1) 20847(1) 20944(2) 21182(1)
327;38;77;115;867(2) 1140(2) 1539(2) 1551(1) 1613(2) 2238(2) 2303(1) 2447(2) 2678(2) 2691(1) 3160(2) 3237(2) 3332(2) 3727(2) 3896(1) 4203(2) 4305(1) 4352(2) 4950(2) 5139(1) 5421(1) 5653(2) 5894(2) 5923(2) 6290(2) 6367(2) 6371(2) 6521(2) 6884(1) 7510(2) 7819(2) 7840(2) 7942(2) 8224(2) 8717(2) 8731(1) 8894(2) 8930(2) 9287(1) 9416(1) 9779(1) 9902(1) 9949(1) 10131(1) 10346(2) 10565(2) 10934(2) 10946(1) 11026(2) 11146(2) 11186(1) 11313(2) 11351(2) 12145(1) 12719(1) 12943(2) 12990(2) 13033(1) 13080(1) 13116(2) 13140(2) 13366(2) 13370(1) 13437(2) 13550(2) 13552(2) 13726(2) 13824(2) 13907(2) 14010(1) 14020(1) 14150(1) 14156(1) 14369(2) 14372(2) 14373(2) 14680(1) 14967(2) 15286(2) 15466(2) 15467(2) 15518(1) 15539(2) 15846(1) 15922(1) 15942(1) 15948(1) 16008(2) 16249(2) 16255(2) 16297(1) 16493(2) 16529(2) 16590(1) 17003(2) 17240(2) 17352(2) 17764(2) 18221(2) 18525(2) 18689(2) 18722(2) 19115(1) 19430(2) 20279(2) 20406(2) 20440(2) 20512(1) 20804(2) 20846(1) 20847(1) 20909(2) 20946(2) 21121(2) 21151(2)
343;34;80;114;120(2) 182(1) 372(1) 751(2) 760(2) 828(1) 1102(2) 1122(1) 1623(2) 1686(2) 2594(2) 2597(2) 2692(1) 2894(2) 3599(2) 3653(1) 3977(2) 4120(2) 4239(2) 4259(2) 4300(2) 4349(2) 4506(2) 5042(2) 5428(1) 5432(2) 5473(2) 5572(2) 5914(2) 6883(2) 6983(2) 7158(2) 7348(2) 7461(2) 7555(2) 7571(2) 7878(1) 8217(2) 8296(2) 8958(1) 9010(2) 9077(2) 9294(1) 9635(1) 9641(1) 9733(2) 9740(2) 9744(2) 9780(2) 9921(2) 10250(1) 10386(2) 10400(1) 10412(2) 10844(2) 11176(2) 11184(2) 11335(2) 11393(2) 11567(2) 11574(2) 12167(2) 12366(1) 12428(2) 12496(2) 12547(2) 12569(2) 12570(2) 12650(2) 12660(2) 12735(2) 12805(2) 12961(2) 13013(1) 13407(1) 13439(2) 13530(2) 13960(2) 14129(1) 14163(2) 14284(1) 14450(2) 14781(2) 14823(1) 14877(2) 15094(1) 15240(1) 15241(2) 15333(1) 15607(2) 15730(2) 15832(1) 16363(2) 16416(2) 16420(1) 16422(1) 16575(2) 18245(2) 18619(2) 18853(2) 19017(1) 19085(2) 19095(2) 19637(1) 19638(1) 19645(1) 19655(2) 19657(1) 20363(2) 20429(1) 20430(1) 20728(2) 21204(2) 21208(1)
2157;37;72;109;360(1) 383(2) 720(2) 916(2) 1143(2) 1196(1) 1883(1) 2005(2) 2133(2) 2243(2) 2944(2) 3430(1) 4009(2) 4020(2) 4021(1) 4073(2) 4089(2) 4211(2) 4410(2) 4466(1) 4496(1) 4545(2) 4553(2) 4672(2) 4733(2) 4734(1) 4834(1) 4861(2) 5157(2) 5681(1) 5799(2) 5905(2) 6374(2) 6416(2) 6640(2) 6711(1) 6849(1) 6858(2) 7081(1) 7263(2) 7726(1) 8075(2) 8295(1) 8426(1) 8569(1) 8760(2) 9001(1) 9408(1) 9810(1) 9881(2) 9949(1) 10209(2) 10263(2) 10491(2) 10741(2) 10761(2) 10872(1) 11087(2) 11629(1) 11683(2) 11746(2) 11781(1) 11916(2) 12105(2) 12231(1) 12535(2) 12622(2) 12671(2) 12796(2) 12803(2) 12817(2) 12830(1) 12838(2) 12851(1) 12949(2) 12969(2) 13029(2) 13307(1) 13761(2) 13955(1) 14151(2) 14681(1) 15038(2) 15507(1) 15852(2) 15870(1) 16141(1) 16495(2) 16548(2) 16603(1) 16609(2) 16627(2) 17218(2) 17497(2) 17618(2) 18115(2) 18355(1) 18460(2) 18470(2) 19006(2) 19158(1) 19315(2) 19529(2) 19812(2) 20198(2) 20227(2) 20314(2) 20397(2) 21252(1)
30954;37;67;104;201(2) 983(2) 1458(2) 1570(2) 1702(1) 1752(1) 2165(2) 2475(2) 2825(2) 2873(1) 3041(1) 3210(2) 3438(2) 3626(1) 3706(2) 3832(2) 3833(2) 4143(2) 4449(1) 4502(1) 4537(1) 4814(2) 5354(2) 5451(2) 5505(1) 5754(1) 5895(1) 6166(2) 6403(2) 6735(1) 6952(1) 7099(2) 7584(2) 7630(2) 7673(1) 7677(2) 8029(1) 8118(2) 8125(2) 8265(1) 8504(2) 8567(2) 8609(1) 8693(1) 8863(2) 9152(2) 9300(1) 9377(2) 9418(1) 9419(1) 9471(2) 9745(1) 9777(2) 9785(2) 10208(2) 10244(2) 10574(2) 10941(2) 11203(1) 11703(2) 11713(1) 11786(2) 12034(1) 12349(1) 13127(1) 13242(2) 13489(2) 13595(2) 13670(2) 13685(1) 14003(2) 14697(2) 14947(2) 15078(1) 15084(1) 15093(2) 15605(1) 15793(2) 15984(2) 16013(2) 16065(2) 16112(2) 16180(2) 16197(2) 17194(2) 18061(2) 18230(1) 18231(2) 18356(2) 18453(2) 18463(1) 18467(2) 18469(1) 18544(2) 18624(2) 18699(2) 18916(2) 19155(2) 19319(1) 19633(2) 19961(1) 20365(2) 20974(2) 21117(1)
360;18;84;102;944(1) 1116(2) 1117(2) 1771(2) 1808(2) 2332(2) 2844(2) 3666(2) 3885(2) 3896(1) 4193(2) 4609(2) 4923(2) 5065(1) 5547(2) 6220(2) 6351(2) 6355(1) 6390(2) 6428(2) 6721(2) 6755(2) 7211(2) 7937(2) 8833(2) 8834(2) 8950(2) 9158(2) 9510(2) 9518(2) 9530(2) 9571(2) 9691(2) 10153(2) 10339(2) 10359(2) 10414(2) 10415(2) 10656(2) 10718(2) 10867(2) 10987(2) 11001(2) 11235(2) 11236(2) 11387(2) 11490(2) 11653(1) 11925(2) 11946(2) 11956(1) 12032(2) 12102(1) 12141(2) 12256(2) 12605(2) 12688(1) 12712(2) 12877(1) 12995(2) 13084(1) 13095(1) 13304(2) 13372(2) 13385(1) 13732(2) 13897(2) 13910(2) 13998(2) 14064(2) 14066(2) 14227(2) 14339(1) 14506(2) 14980(2) 15018(2) 15183(1) 15211(2) 15235(1) 15277(2) 15301(2) 15551(1) 15776(2) 15842(2) 15860(2) 16140(1) 16181(2) 16264(2) 16307(2) 16342(2) 16505(2) 16590(2) 16737(2) 17199(2) 17229(2) 17621(2) 18442(2) 18865(2) 19983(2) 20245(2) 20523(2) 20889(1)
6259;34;66;100;240(2) 397(2) 506(1) 507(2) 553(2) 569(1) 579(2) 794(1) 829(2) 973(2) 1481(1) 1527(2) 1698(2) 1899(2) 2044(2) 2415(1) 2465(2) 2586(1) 2792(2) 2809(2) 3031(2) 3040(1) 3044(1) 3385(2) 3392(1) 3924(2) 4155(2) 4235(1) 4558(2) 4620(2) 4846(2) 5014(1) 5160(2) 5437(2) 5459(2) 5514(2) 5519(2) 6077(1) 6598(1) 6605(2) 7234(1) 7585(1) 7774(2) 7978(1) 8090(2) 8223(2) 8426(1) 8488(2) 9355(2) 9805(1) 9984(2) 10284(1) 10371(1) 10522(1) 10528(1) 10968(2) 11002(2) 11083(2) 11110(2) 11286(2) 11287(1) 11589(2) 11653(1) 11777(2) 11822(1) 12068(2) 12107(2) 12293(1) 12477(2) 12778(2) 12928(2) 12962(2) 13055(1) 13107(2) 13163(2) 14409(2) 14553(1) 14659(2) 14952(2) 15285(2) 15412(2) 15471(2) 15870(1) 16118(2) 16135(1) 16360(2) 17259(2) 17966(2) 18471(2) 18834(2) 19493(2) 19834(1) 19840(2) 19843(2) 19930(2) 20068(2) 20154(2) 20588(1) 20847(1) 20968(1)
1721;23;75;98;148(2) 326(2) 372(1) 565(2) 832(2) 1413(2) 1547(2) 1806(2) 1957(2) 2081(2) 2540(2) 3197(2) 3403(2) 3537(2) 3586(2) 3616(2) 3860(2) 5428(2) 5526(2) 5581(2) 5872(2) 6210(2) 6448(2) 6645(2) 6718(1) 7045(2) 7046(2) 7122(2) 7178(2) 7487(2) 7559(2) 7581(2) 8625(2) 8951(2) 8957(2) 8958(1) 9254(2) 9423(2) 9641(1) 9734(2) 9795(1) 10250(1) 10734(2) 11567(1) 12345(2) 12492(2) 12869(2) 13320(2) 13407(1) 13439(1) 13493(2) 13825(2) 13999(2) 14186(2) 14507(2) 14558(2) 14694(1) 14751(2) 14774(2) 14855(2) 15095(1) 15096(2) 15333(1) 15638(2) 16071(2) 16230(2) 17211(2) 17420(1) 17624(2) 17891(2) 18018(2) 18034(2) 18130(1) 18762(2) 18799(2) 19212(1) 19328(2) 19385(2) 19386(2) 19636(2) 19638(1) 19640(2) 19643(1) 19644(2) 19645(1) 19646(2) 19657(1) 20014(2) 20062(2) 20064(2) 20067(2) 20250(1) 20389(2) 20395(2) 20429(1) 20430(1) 21202(2) 21208(1)
4393;30;67;97;103(1) 399(2) 797(2) 801(1) 901(1) 904(1) 1278(2) 1717(2) 2224(2) 2258(2) 2337(2) 2472(2) 2564(1) 3311(2) 3368(2) 4304(2) 5074(1) 5282(2) 5452(1) 5631(2) 5745(2) 5789(2) 5911(2) 5989(2) 6011(2) 6012(2) 6386(2) 6542(2) 6788(2) 7138(2) 7485(2) 7570(1) 7720(2) 7760(2) 7815(2) 7938(2) 8036(2) 8119(2) 8335(1) 8551(1) 8616(1) 8908(2) 8917(1) 8984(2) 9413(2) 9450(2) 9520(2) 9545(2) 9649(2) 9708(2) 9738(2) 9844(2) 10046(2) 10503(2) 10586(2) 10878(1) 10955(2) 11133(1) 11251(2) 11359(1) 11543(2) 12031(1) 12344(1) 12486(2) 12633(2) 12648(2) 12665(1) 12667(1) 12722(1) 13179(2) 13547(2) 14384(2) 14585(2) 14910(2) 15030(1) 15189(1) 15694(1) 15812(2) 15879(2) 15965(2) 16111(1) 16270(2) 16986(1) 17055(2) 17719(2) 18410(2) 18955(2) 19083(2) 19574(1) 19620(2) 19718(2) 19720(1) 19721(2) 19722(1) 19752(1) 20768(2) 21161(1)
2469;13;84;97;408(2) 739(2) 1722(2) 1891(2) 1993(2) 2016(2) 2316(2) 2575(2) 2596(2) 3061(2) 3099(2) 3865(2) 3870(2) 3926(2) 3946(2) 4059(2) 4098(1) 4475(2) 4805(1) 5081(2) 5106(2) 5427(2) 5481(2) 5483(2) 5485(1) 5492(2) 5495(2) 5498(2) 5501(2) 5503(2) 5961(2) 6881(2) 7104(2) 7293(2) 7392(2) 7789(2) 7795(2) 7999(2) 8014(2) 9003(1) 9191(1) 10325(2) 10473(1) 11049(2) 11220(2) 11333(2) 11426(2) 11461(2) 11501(2) 11547(2) 11643(2) 12030(2) 12251(2) 12275(2) 12410(2) 13277(2) 13503(2) 13560(2) 13578(2) 13581(2) 13583(2) 13587(2) 13588(2) 13672(1) 13749(2) 14387(2) 14522(1) 14743(1) 15058(1) 15255(2) 15496(2) 15807(2) 15825(2) 15894(2) 16177(1) 16178(1) 16191(1) 16443(2) 16892(2) 16936(2) 17196(2) 17616(2) 17617(2) 17804(2) 18434(2) 18782(2) 18913(2) 19028(2) 19606(2) 19927(2) 19932(2) 19933(2) 19939(2) 20078(2) 20102(2) 20105(2) 21190(2)
720;28;66;94;115(2) 794(1) 849(2) 1095(2) 1172(1) 1508(1) 1598(2) 1931(2) 2097(2) 2878(2) 3348(2) 3648(2) 3896(1) 3927(2) 3964(2) 4395(1) 5139(2) 5250(1) 5357(2) 6137(2) 6164(2) 6884(1) 6941(2) 7210(2) 7296(2) 7716(2) 8030(2) 8240(2) 8731(2) 8772(2) 9239(2) 9242(2) 9253(2) 9287(1) 9699(2) 9760(2) 9779(1) 9912(2) 9949(1) 9957(2) 10131(2) 10254(2) 10265(2) 10300(2) 10528(1) 10590(2) 11146(1) 11301(1) 12145(1) 13098(2) 13665(2) 14044(2) 14150(1) 14318(2) 14331(2) 14383(1) 14655(1) 14680(1) 14756(2) 14784(2) 14993(2) 15161(1) 15217(2) 15366(2) 15846(1) 15922(1) 15948(1) 16297(1) 16452(1) 16817(2) 16876(2) 16883(2) 16956(2) 17113(2) 17142(2) 17366(2) 17454(2) 17473(1) 17541(2) 17750(2) 18254(2) 18404(2) 18468(2) 18947(2) 19292(2) 19293(2) 19545(2) 19679(2) 19689(2) 19973(2) 20406(1) 20846(1) 20847(1) 20937(2)
729;31;61;92;353(1) 619(2) 1567(2) 1855(1) 1856(1) 2099(2) 2603(2) 3175(2) 3179(1) 3370(2) 3896(1) 4139(2) 4336(2) 4442(2) 4749(1) 4789(2) 4839(2) 5119(2) 5683(2) 5930(2) 6062(2) 6539(2) 6884(1) 7121(2) 7451(2) 8581(2) 8615(2) 9146(2) 9287(1) 9367(2) 9779(1) 9821(2) 9900(2) 9949(1) 10041(2) 10587(2) 10672(2) 10933(1) 10935(2) 11169(2) 11195(2) 11230(1) 11329(2) 11373(2) 11440(2) 11542(2) 11744(2) 11987(2) 12287(2) 12574(2) 12621(2) 12727(2) 12747(2) 13080(1) 13331(2) 13333(1) 14150(1) 14289(2) 14403(2) 14426(1) 14454(1) 14455(2) 14516(2) 14680(1) 14699(2) 14763(1) 15104(2) 15138(2) 15194(2) 15404(1) 15714(2) 15822(2) 15846(1) 15922(1) 15948(1) 16297(1) 16438(1) 16595(2) 16846(1) 17011(2) 18172(2) 18617(2) 18859(2) 19115(1) 19266(1) 19440(2) 19514(2) 19516(2) 19520(2) 20512(1) 20846(1) 20847(1)
1573;29;63;92;575(2) 691(2) 706(2) 1084(1) 1228(2) 1233(1) 1340(2) 1606(2) 1674(2) 1737(2) 1744(1) 1795(2) 1803(2) 2187(2) 2218(2) 2638(2) 2666(2) 3044(1) 3159(1) 3202(2) 3338(2) 3821(2) 4129(1) 4307(1) 4626(2) 4824(2) 4888(1) 4889(2) 5056(2) 5796(2) 5833(2) 6134(2) 6323(2) 6562(2) 6564(2) 6884(1) 7004(1) 7845(2) 7874(2) 7877(1) 7936(2) 8687(2) 8817(2) 9257(2) 9799(2) 9949(1) 11433(2) 11854(2) 11977(1) 12145(1) 13023(2) 13053(2) 13713(2) 14020(1) 14150(1) 14184(2) 14470(2) 14645(1) 14655(1) 15271(2) 15538(1) 15629(2) 15885(2) 15918(2) 15922(1) 15962(1) 15991(2) 16038(1) 16234(2) 16452(1) 16470(2) 16602(1) 16999(2) 17028(2) 18205(2) 18237(1) 18379(1) 18497(2) 18605(2) 19207(2) 19208(2) 19263(2) 19387(2) 19391(1) 19471(2) 19709(2) 19731(2) 20359(2) 20522(1) 20847(1) 20908(2) 21119(2)
6680;35;57;92;479(2) 558(2) 629(2) 794(1) 957(1) 1146(1) 1231(1) 1286(2) 1493(2) 1615(2) 2219(2) 2248(1) 2415(1) 2855(2) 2957(2) 3030(2) 3183(2) 3398(2) 4025(2) 4071(1) 4086(2) 4110(2) 4112(1) 4162(1) 4255(2) 4279(2) 4284(1) 4294(1) 4383(1) 4508(2) 4580(1) 4584(2) 4851(2) 5364(2) 5790(1) 5862(2) 6002(2) 6022(1) 6077(1) 6761(1) 6915(2) 6928(2) 7564(2) 7589(2) 7954(1) 8111(2) 8383(1) 8426(1) 8677(1) 8886(2) 8996(1) 9000(2) 9037(1) 9229(2) 9235(2) 10250(1) 10760(2) 11034(2) 11283(1) 11479(2) 11807(2) 12012(2) 12289(2) 12491(2) 12546(1) 12555(2) 12652(2) 14877(1) 14911(1) 15077(2) 15083(2) 15095(1) 15289(2) 15307(1) 15832(1) 15870(1) 16154(2) 17044(2) 17425(2) 18417(2) 18669(2) 18854(2) 18975(2) 19076(2) 19112(1) 19505(2) 19638(1) 19656(2) 20199(2) 20303(2) 20568(2) 20847(1)
12378;25;66;91;112(1) 235(1) 322(2) 384(2) 777(2) 794(1) 818(2) 1003(1) 1085(2) 1233(1) 1347(2) 1432(1) 1532(2) 1725(2) 1809(2) 1821(2) 1852(2) 1921(2) 2311(2) 2415(1) 2417(2) 2528(2) 2899(2) 3034(2) 3044(1) 3220(2) 3272(2) 3718(2) 3912(1) 3913(2) 4019(2) 4154(2) 4176(2) 4179(2) 4603(2) 4618(1) 4844(2) 5014(1) 5681(1) 5720(2) 6022(1) 6136(2) 6279(1) 6377(2) 6822(2) 7072(1) 7619(2) 8001(2) 8002(1) 8703(2) 9231(2) 9298(2) 9383(1) 9523(2) 10084(2) 10467(2) 10976(2) 11003(2) 11083(1) 11109(2) 11215(2) 11319(2) 11487(2) 11541(2) 11696(2) 11977(1) 12181(1) 12412(1) 14990(2) 15296(2) 15606(2) 15704(2) 15870(1) 17190(1) 17922(1) 17938(2) 17977(2) 18104(2) 18317(2) 18609(2) 18933(2) 19074(2) 19302(2) 19314(2) 19341(2) 19394(2) 20211(2) 20300(2) 20301(1) 20649(2) 21027(2)
7535;34;56;90;199(2) 586(2) 708(2) 852(2) 1172(2) 1219(2) 1250(2) 1399(2) 1404(1) 1550(2) 1805(1) 2471(1) 2719(2) 3178(2) 3193(1) 3686(1) 3795(2) 3896(1) 3967(2) 3978(1) 4400(2) 5250(1) 5257(2) 6272(1) 6381(2) 6585(2) 6599(2) 7007(2) 7484(2) 7796(2) 8016(2) 8134(1) 8731(1) 8747(2) 9287(1) 9387(2) 9482(2) 9570(2) 9779(1) 9949(1) 10054(2) 10147(2) 10450(2) 10452(1) 10551(1) 10789(2) 10946(1) 11161(2) 11218(2) 11238(2) 11398(2) 11437(2) 11727(1) 12692(2) 12777(2) 13017(2) 13026(2) 13033(1) 13220(1) 13227(2) 13370(1) 13793(2) 14421(2) 14827(1) 15197(2) 15199(2) 15404(2) 15518(1) 15596(2) 15922(1) 15948(1) 16297(1) 16590(1) 17895(2) 18021(2) 18109(2) 18145(1) 18174(2) 18201(2) 18579(1) 18950(2) 19115(1) 19159(2) 19455(2) 19996(2) 20055(1) 20326(2) 20512(1) 20846(1) 20847(1)
12242;24;66;90;550(1) 843(2) 1146(1) 1351(2) 1431(2) 1507(1) 1702(1) 2753(2) 2870(2) 2873(1) 2999(2) 3108(1) 3282(2) 3450(2) 3626(2) 3708(2) 3959(2) 4144(2) 4364(2) 4502(1) 4537(1) 4554(2) 4688(1) 4910(2) 4912(2) 4938(2) 5124(2) 5217(2) 5436(1) 5883(2) 5895(1) 5896(2) 6149(2) 6270(1) 6574(2) 6614(2) 6732(2) 6952(2) 7466(2) 7473(2) 7670(1) 8104(2) 8139(2) 8621(1) 8693(1) 9119(2) 9300(1) 9418(2) 9830(2) 10024(2) 10238(2) 10373(2) 10581(1) 10671(2) 11327(2) 11626(2) 11720(2) 11722(2) 11975(2) 12216(1) 12281(2) 13146(2) 13475(2) 14089(2) 14139(2) 14304(2) 14355(2) 14553(2) 14593(1) 14619(1) 14919(2) 14928(1) 15426(2) 15925(2) 16015(1) 16097(2) 16171(2) 16661(2) 16805(2) 17415(2) 17996(2) 18001(2) 18050(2) 18731(1) 18896(2) 19009(2) 19118(1) 20306(2) 20765(2) 20978(2)
3516;35;54;89;108(1) 447(2) 453(2) 898(2) 900(2) 1036(2) 1086(2) 1089(2) 1115(2) 1234(2) 1285(2) 1823(1) 2691(1) 3082(2) 3229(2) 3356(2) 3689(1) 4129(1) 4354(2) 4395(2) 4433(1) 5605(1) 6884(1) 7440(1) 7955(2) 8701(2) 8769(1) 8844(2) 8913(1) 8924(2) 9104(2) 9287(1) 9779(1) 9949(1) 10083(2) 10255(1) 10425(2) 10890(1) 11040(2) 11571(2) 11795(2) 11815(2) 11983(2) 12007(2) 12145(1) 12200(2) 12484(2) 12574(1) 12720(2) 12801(2) 12967(2) 13079(1) 13080(1) 13147(2) 13417(1) 13468(2) 13477(2) 13757(2) 13875(2) 14038(2) 14086(2) 14150(1) 14198(2) 14286(2) 14426(1) 14502(1) 14680(1) 15181(2) 15253(2) 15459(2) 15591(2) 15846(1) 15922(1) 15942(1) 15948(1) 16297(1) 16423(2) 16438(1) 16491(1) 16512(1) 17535(2) 17559(2) 18874(2) 20235(2) 20287(2) 20288(2) 20846(1) 20847(1) 20916(2)
614;8;80;88;193(1) 594(2) 696(2) 700(2) 786(2) 1004(2) 1335(2) 1433(2) 1492(1) 1544(2) 2018(1) 2280(2) 2411(1) 2445(2) 2662(1) 2819(2) 2821(2) 2822(2) 2904(2) 3028(2) 3044(2) 3339(2) 3340(2) 3640(2) 3647(2) 3705(2) 3915(2) 4129(2) 4205(2) 4461(2) 4777(2) 4933(2) 4975(2) 5242(2) 5729(2) 6015(2) 6096(2) 6099(2) 6141(2) 6185(2) 6843(1) 7871(2) 7885(2) 7986(2) 8354(2) 8481(2) 8637(2) 8655(2) 9014(2) 9243(2) 9260(2) 9304(2) 9330(2) 10214(2) 10829(2) 11298(2) 11396(2) 11619(2) 11622(2) 11623(2) 11728(2) 11754(2) 11779(2) 11877(2) 11883(2) 12658(2) 12728(2) 12767(2) 12832(2) 13194(2) 13444(2) 13529(1) 13723(2) 13832(2) 13850(2) 14480(2) 14946(2) 15542(2) 15544(2) 15824(2) 15982(2) 16067(2) 16122(2) 18238(2) 19203(2) 20173(2) 20847(1) 20856(2)
4988;8;80;88;153(2) 331(2) 342(2) 438(2) 834(2) 928(2) 1030(2) 1037(1) 1338(1) 1460(2) 1512(2) 1519(2) 1645(2) 1846(2) 2459(2) 2511(2) 2680(2) 2721(2) 2736(2) 2971(2) 3092(2) 3452(2) 3516(2) 4273(2) 4542(2) 4713(2) 5368(2) 5393(1) 5442(2) 6042(2) 6139(2) 6481(2) 6499(2) 6513(1) 6524(2) 6627(2) 6871(2) 7058(2) 7153(2) 7506(2) 7806(2) 7811(2) 8263(2) 8312(2) 8314(2) 8319(2) 8333(2) 8334(2) 8340(2) 8343(2) 8345(2) 8351(2) 8640(2) 9293(2) 9323(2) 9375(2) 9427(2) 9656(2) 9664(1) 10332(2) 10420(2) 10477(2) 10554(2) 10975(2) 12508(2) 12518(2) 13903(2) 13947(2) 14673(2) 14972(1) 14973(1) 15497(2) 15739(2) 15903(2) 16188(2) 16289(2) 16567(2) 16750(2) 16792(2) 16799(2) 16806(2) 17327(2) 17453(1) 18210(2) 18769(2) 21050(2) 21065(2) 21098(2)
4613;10;76;86;407(2) 710(2) 1173(2) 1369(1) 1380(2) 1448(2) 1726(2) 1826(2) 1841(2) 1843(2) 2009(2) 2262(2) 2399(2) 2578(2) 2634(2) 2636(2) 2846(2) 3497(2) 3556(2) 4157(2) 4187(2) 4819(2) 4865(2) 4902(2) 5359(2) 5448(2) 5565(1) 5577(2) 6045(1) 6131(2) 6250(2) 6681(2) 6914(2) 6955(2) 6966(1) 7147(2) 7471(2) 7758(2) 7834(2) 7835(2) 8102(2) 8812(2) 9042(2) 9159(2) 9583(2) 9788(2) 10551(2) 10611(2) 10636(2) 10801(2) 11285(2) 11360(2) 11727(1) 11784(2) 12204(1) 13033(1) 13373(2) 13836(2) 14015(2) 14068(2) 15493(2) 16150(2) 16722(2) 16775(2) 16893(1) 16898(2) 16946(2) 16971(2) 17016(2) 17083(2) 17226(1) 17394(2) 17672(2) 17862(2) 17908(2) 18612(2) 18638(2) 18878(2) 18879(2) 19115(1) 19183(2) 19188(2) 19190(2) 19192(2) 19194(2) 20596(2)
3492;35;51;86;586(1) 687(1) 742(2) 783(2) 922(1) 1172(1) 2160(2) 2435(1) 2639(2) 2879(1) 3116(2) 3225(2) 3326(2) 3881(2) 3896(1) 3950(2) 3984(1) 4060(2) 4418(1) 4618(1) 4877(2) 5250(2) 5256(1) 5331(2) 5390(1) 6045(1) 6305(2) 6673(1) 6980(2) 7261(2) 7462(1) 7854(1) 8805(1) 8998(2) 9090(2) 9230(2) 9287(1) 9779(1) 9949(1) 9998(2) 10158(2) 10276(1) 10706(2) 10756(1) 10856(2) 11312(2) 11331(2) 11345(2) 11493(2) 11503(1) 11505(2) 11727(2) 11900(2) 12090(2) 12270(2) 12918(2) 13070(1) 13227(1) 13287(2) 13288(2) 13328(2) 13550(1) 13640(2) 14057(2) 14093(2) 14451(2) 14827(2) 15120(2) 15518(2) 15527(2) 15948(1) 15969(2) 16193(1) 16295(1) 16297(1) 17792(1) 18207(2) 18936(2) 19115(1) 19258(1) 20055(2) 20670(2) 20681(2) 20846(1) 20847(1) 21178(2)
1543;9;77;86;16832(1) 16902(2) 16970(2) 17043(2) 17073(2) 17086(1) 17104(2) 17141(2) 17144(2) 17158(2) 17169(1) 17224(2) 17241(2) 17249(2) 17273(2) 17291(2) 17349(2) 17365(2) 17393(2) 17397(2) 17494(1) 17501(2) 17506(2) 17525(2) 17572(2) 17573(2) 17633(2) 17659(2) 17679(1) 17695(2) 17700(2) 17724(2) 17736(2) 17877(2) 17879(2) 17909(2) 17971(2) 18035(2) 18065(2) 18091(1) 18092(2) 18105(2) 18113(2) 18177(2) 18236(2) 18303(2) 18313(2) 18341(2) 18382(2) 18430(2) 18533(2) 18539(2) 18571(2) 18573(2) 18673(1) 18682(2) 18713(2) 18753(2) 18758(2) 18797(2) 18803(2) 18886(2) 18922(2) 18935(2) 18967(2) 18968(2) 19038(2) 19163(2) 19175(2) 19189(2) 19253(2) 19257(2) 19265(2) 19429(1) 19521(1) 19617(2) 19772(2) 19829(2) 20182(2) 20264(2) 20283(2) 20603(2) 20785(2) 20789(2) 20859(2) 20940(2)
2637;4;81;85;277(2) 381(2) 421(2) 499(2) 540(2) 779(2) 805(2) 1236(2) 2380(2) 2392(2) 2474(2) 2484(2) 2489(2) 2535(2) 2543(2) 2577(2) 2852(2) 2873(1) 3503(2) 3620(2) 4150(2) 4228(2) 4309(2) 4568(2) 4770(2) 4890(2) 4943(2) 4946(2) 5110(2) 5467(2) 5510(2) 5539(2) 5541(2) 5544(2) 5545(2) 5557(2) 5560(2) 5562(2) 5986(2) 6247(2) 6249(2) 6667(2) 6677(2) 7532(2) 7583(2) 8292(2) 8614(2) 8652(2) 8836(2) 9155(2) 9300(2) 9680(2) 10039(2) 10104(2) 11117(2) 11125(1) 11460(1) 12095(2) 12102(1) 12178(2) 12335(2) 12657(2) 12708(2) 12862(2) 12863(2) 12895(2) 13597(2) 13602(2) 13615(2) 13622(2) 13627(2) 13920(2) 13970(2) 15282(2) 15579(2) 15701(2) 16329(2) 16345(2) 16591(2) 17812(2) 18251(2) 18644(2) 20111(2) 20112(2) 21140(2)
6551;16;68;84;249(2) 606(2) 804(2) 1000(2) 1230(2) 1244(2) 1424(2) 1579(2) 1776(2) 2059(2) 2130(1) 2175(2) 2416(2) 2478(2) 2495(2) 2572(2) 2777(2) 2919(2) 2925(2) 3138(2) 3139(2) 3414(1) 3754(2) 3810(2) 3826(2) 4186(2) 4355(1) 4425(2) 4436(2) 4523(1) 4635(2) 4729(2) 4785(1) 4815(2) 5221(2) 5468(2) 5471(2) 5515(2) 5516(2) 5530(2) 5537(2) 5540(2) 5546(2) 5548(2) 5554(2) 5628(2) 5897(2) 6016(2) 6167(1) 6406(1) 6904(2) 6949(2) 7062(2) 7174(2) 7288(2) 7340(2) 7632(2) 8372(2) 8618(1) 8724(2) 8744(2) 8835(2) 9824(1) 9860(2) 10907(1) 10987(1) 11076(2) 11482(2) 11485(2) 11555(1) 12102(1) 12680(2) 13239(2) 13465(2) 13628(1) 13696(2) 13818(2) 14978(2) 16166(2) 16192(2) 16904(2) 17094(1) 17354(2) 20116(1)
9708;19;64;83;303(2) 588(1) 664(2) 948(2) 1099(2) 1658(2) 2041(2) 2583(1) 2631(1) 3471(2) 3524(2) 3899(2) 3982(1) 4392(2) 4784(2) 5092(2) 5218(2) 5244(2) 5813(2) 6017(2) 6080(2) 6312(1) 6369(2) 6537(2) 6606(2) 6607(1) 6630(2) 6631(2) 6639(2) 6665(2) 6741(2) 6937(2) 7351(2) 7657(2) 7709(2) 7736(2) 7975(2) 8026(1) 8154(2) 8454(2) 8601(1) 8603(2) 8604(2) 8805(1) 8921(1) 9019(2) 9044(1) 9062(1) 9228(2) 9267(1) 9533(2) 10259(2) 10674(1) 11059(2) 11078(2) 11234(2) 11775(2) 11856(1) 11965(2) 12866(2) 13109(2) 13267(1) 13369(2) 14061(2) 14165(2) 15648(2) 16133(2) 17523(2) 17673(1) 18135(1) 18145(1) 18953(2) 20252(2) 20265(2) 20267(2) 20387(2) 20407(2) 20414(2) 20776(2) 20778(2) 20779(2) 20780(2) 20781(2)
3929;6;77;83;15(2) 34(2) 61(1) 950(2) 1057(2) 1060(2) 1076(2) 1127(2) 1131(2) 1207(2) 1237(2) 1341(2) 2471(1) 2536(2) 2849(2) 2942(2) 3168(2) 4476(2) 4741(2) 4840(2) 4841(2) 4842(2) 5815(2) 5893(2) 6067(2) 6795(2) 6830(2) 6846(2) 7023(2) 7024(2) 7063(2) 7094(2) 7095(2) 7893(2) 8160(2) 8346(1) 8373(2) 9657(2) 9671(2) 9725(2) 9989(2) 10095(2) 10099(2) 10105(2) 10117(2) 10345(2) 10471(2) 10487(1) 10500(2) 10994(1) 11300(2) 11766(2) 11793(2) 12116(2) 12255(2) 12364(2) 12479(2) 12843(2) 12867(2) 12927(2) 13115(2) 13141(2) 13203(2) 13677(2) 14051(2) 14749(2) 14879(2) 14880(2) 15163(2) 15702(2) 16010(2) 17399(2) 17692(2) 17791(2) 17859(2) 18474(1) 19409(2) 19525(2) 19601(2) 19798(2) 20127(2) 20170(2) 20707(2)
2077;33;49;82;284(2) 390(2) 944(1) 964(2) 1646(1) 1774(2) 1971(2) 2332(1) 3299(2) 3504(2) 3790(2) 3813(1) 3816(2) 3896(1) 3943(2) 4792(2) 4969(2) 5556(1) 5741(2) 6019(1) 6219(2) 6275(1) 6621(1) 7245(2) 7322(2) 7504(2) 7643(2) 8833(1) 8834(1) 8878(2) 9726(2) 9908(2) 9936(2) 10103(2) 10359(1) 10656(1) 10865(1) 10888(2) 11131(2) 11490(1) 11546(2) 11956(1) 12102(1) 12132(2) 12141(1) 12434(2) 12497(1) 12596(2) 13095(1) 13261(2) 13306(2) 13385(1) 13454(2) 13619(2) 13631(2) 13720(2) 14064(1) 14066(1) 14102(1) 14117(2) 14181(2) 14220(2) 15018(1) 15183(1) 15277(1) 15551(1) 16055(2) 16140(1) 16181(1) 16250(2) 16251(2) 16590(1) 16727(2) 17123(2) 17686(2) 18046(1) 18329(2) 19062(2) 19980(2) 20189(1) 20391(2) 20510(2)
143;17;64;81;157(2) 169(2) 182(2) 434(2) 775(2) 828(2) 1122(2) 1284(2) 2248(2) 2404(2) 3355(2) 3653(1) 4190(2) 4294(2) 5473(1) 6549(2) 6718(1) 7205(2) 7348(1) 7349(2) 7537(2) 7573(2) 7645(2) 7878(2) 8945(2) 8953(2) 8958(2) 8959(2) 9023(2) 9175(2) 9246(2) 9294(2) 9381(2) 9641(2) 9653(2) 9734(1) 9917(2) 10078(2) 10250(2) 10412(1) 10964(2) 11411(2) 12516(1) 12763(2) 13008(2) 13315(2) 13407(2) 13439(1) 13841(2) 13924(2) 14129(2) 14164(2) 14450(1) 14694(1) 14823(2) 15094(1) 15095(2) 15240(2) 15241(1) 15333(2) 15365(2) 15571(2) 15832(2) 16202(1) 16410(2) 16413(2) 16420(2) 16525(2) 17638(2) 17720(2) 19017(2) 19094(2) 19095(1) 19459(2) 19638(2) 19645(2) 19657(1) 20313(2) 20728(1) 21204(1) 21208(2)
447;30;50;80;432(2) 669(1) 854(2) 1109(2) 1407(2) 1551(1) 1714(1) 2542(2) 3162(2) 3278(1) 3525(2) 3629(2) 3965(2) 4180(1) 4227(2) 4593(1) 4610(2) 4766(1) 5438(2) 6185(1) 6569(2) 6730(2) 6843(1) 6873(1) 7770(1) 8397(2) 8731(1) 8947(2) 8974(2) 9192(2) 9287(1) 9299(1) 9700(2) 9761(1) 10315(2) 10924(2) 11372(2) 11475(2) 11507(2) 11832(2) 11870(1) 12223(2) 12258(2) 12259(1) 12360(2) 12597(1) 12772(2) 12794(2) 12907(1) 13052(2) 13291(2) 13483(2) 13504(1) 14092(1) 14175(2) 14226(2) 14241(2) 14252(2) 15049(2) 15250(2) 15639(2) 15647(2) 15771(2) 15942(1) 15948(1) 15951(2) 15979(2) 16023(1) 16035(1) 16040(2) 16174(1) 16359(2) 16438(1) 16542(2) 16978(2) 17484(2) 19223(2) 20736(1) 20818(1) 20846(1)
1407;4;75;79;200(2) 221(2) 238(2) 257(2) 295(2) 384(1) 454(2) 467(2) 1168(2) 1240(2) 1740(2) 1878(2) 1914(2) 1935(2) 1936(2) 2026(2) 2047(2) 2406(2) 2431(2) 2470(2) 2525(2) 3222(2) 3384(2) 3677(2) 3971(2) 4001(2) 4253(2) 4288(2) 6083(2) 6279(2) 6352(2) 6905(1) 6947(2) 7299(2) 8002(2) 8027(2) 8676(2) 8688(2) 9110(2) 9383(1) 9465(2) 9835(2) 10436(2) 10541(2) 10806(2) 10982(2) 11344(2) 11926(2) 11934(2) 12088(2) 15440(2) 15768(2) 16190(2) 16507(2) 16549(2) 17561(2) 17683(2) 17722(2) 17827(2) 17878(2) 17922(2) 18144(2) 18189(2) 18266(2) 18450(2) 18641(2) 18720(2) 18746(2) 18999(2) 19013(2) 19043(2) 19339(2) 19343(2) 19344(2) 19345(2) 19346(2) 19350(2) 19354(2) 19355(1)
707;7;72;79;217(2) 692(2) 2856(2) 7164(2) 7222(2) 7612(2) 8088(2) 8584(2) 9338(2) 9762(2) 10180(2) 10306(2) 10419(2) 10575(2) 10686(2) 10782(2) 10876(2) 11134(2) 11136(2) 11175(2) 11529(2) 11828(2) 11886(2) 11994(2) 12038(2) 12102(1) 12120(2) 12313(2) 12377(2) 12381(2) 12420(2) 12612(2) 12620(2) 12725(2) 12760(2) 13183(2) 13265(2) 13362(1) 13608(2) 13829(1) 13946(2) 14211(2) 14265(2) 14354(1) 14703(2) 14897(1) 14968(2) 15089(2) 15372(2) 15519(2) 15600(1) 15683(2) 15749(2) 15866(2) 16020(2) 16191(2) 16208(2) 16386(2) 16437(2) 16463(2) 17074(2) 17152(2) 17439(2) 17458(2) 17498(2) 19670(2) 19867(2) 19881(2) 20010(2) 20034(2) 20086(2) 20269(2) 20272(2) 20343(2) 20362(1) 20777(2) 20848(2) 20932(2) 21255(2)
1978;29;50;79;955(2) 1317(2) 2025(1) 2318(2) 2682(2) 3321(2) 3801(2) 4021(1) 4089(1) 4099(2) 4256(2) 4380(2) 4382(2) 4470(2) 4500(2) 4533(2) 4734(1) 5095(2) 5681(1) 5839(2) 5980(2) 6570(2) 6722(2) 6887(2) 6907(2) 7289(2) 7543(2) 7621(1) 7646(2) 8426(1) 9054(2) 9309(1) 9322(1) 9949(1) 9987(1) 10166(2) 10192(1) 10267(2) 10475(1) 10691(2) 10945(2) 11054(2) 11173(2) 11269(2) 11305(1) 11306(2) 11343(2) 11573(2) 11629(1) 11860(2) 12081(2) 12093(2) 12155(1) 12357(1) 12545(2) 12734(2) 12870(2) 12888(1) 12905(2) 13108(1) 13486(2) 14149(2) 14681(1) 15424(2) 15507(1) 15870(1) 16132(1) 16403(1) 16593(1) 16603(1) 17005(1) 17997(2) 18202(2) 18319(2) 18632(2) 18824(2) 20302(2) 20381(1) 21273(1)
17025;29;49;78;178(2) 341(2) 506(1) 794(1) 806(1) 892(1) 956(1) 1511(2) 1523(2) 1689(2) 1750(2) 2374(2) 2415(1) 2421(2) 2602(2) 2654(2) 2791(2) 2792(1) 2907(2) 3044(1) 3295(2) 3515(2) 3593(2) 4000(2) 4005(2) 4429(2) 4848(2) 5014(1) 5817(2) 5845(2) 6076(2) 6239(2) 6605(1) 7855(1) 8426(1) 10139(1) 10250(1) 10528(1) 11079(2) 11108(2) 11193(2) 11223(2) 11230(1) 11301(1) 11302(2) 11653(1) 11822(1) 11882(2) 12293(1) 12540(2) 12878(2) 12941(2) 12965(2) 13033(1) 13108(1) 13395(2) 13939(2) 14459(2) 14601(2) 14691(2) 14827(1) 15029(2) 15246(2) 15791(2) 15870(1) 15990(2) 16641(2) 18342(2) 19258(1) 19531(2) 19538(2) 20055(1) 20551(2) 20679(2) 20803(2) 20846(1) 20847(1) 20962(1)
6456;20;57;77;552(2) 794(1) 923(2) 957(2) 1049(2) 1146(2) 1379(2) 1432(1) 1434(2) 1635(2) 2011(2) 2248(1) 2415(1) 2858(2) 3172(2) 4071(1) 4240(2) 4580(2) 4600(2) 4723(2) 4809(2) 4907(2) 4916(2) 5133(2) 5163(2) 5305(2) 5769(2) 5790(2) 5902(2) 6022(1) 6077(2) 6256(2) 6267(1) 6412(2) 6551(2) 6862(2) 7523(2) 7954(2) 7988(2) 8264(2) 8426(1) 8677(2) 8762(2) 8946(2) 9300(1) 9492(2) 10250(1) 10528(1) 10861(2) 11212(2) 11283(1) 11294(1) 11665(2) 11713(2) 11789(1) 12903(2) 13033(1) 15239(2) 15431(2) 15632(2) 15870(1) 17047(2) 17505(2) 18074(2) 18222(2) 18357(2) 18429(2) 18848(2) 18929(2) 19074(1) 19112(1) 20307(2) 20512(1) 20561(2) 20672(2) 20846(1) 20858(2)
7456;34;43;77;108(1) 706(1) 1123(2) 1140(1) 1539(1) 1621(2) 1814(2) 2714(2) 2988(2) 3159(2) 3280(2) 3338(1) 3772(2) 4129(1) 4433(2) 5139(1) 6112(2) 6233(2) 6284(2) 6308(2) 6349(2) 6452(2) 6825(1) 6884(1) 7623(2) 7845(1) 8591(1) 8731(1) 8903(2) 9121(2) 9287(1) 9524(2) 9779(1) 9949(1) 10131(1) 10245(2) 10626(2) 10890(2) 11146(1) 11321(2) 12145(1) 12321(2) 12574(1) 12719(1) 12741(1) 13417(1) 13795(2) 14020(1) 14150(1) 14655(1) 14680(1) 15161(1) 15201(2) 15281(2) 15485(2) 15555(2) 15564(2) 15922(1) 15927(2) 15948(1) 16229(2) 16452(1) 16491(2) 16512(1) 16555(2) 17115(2) 17370(2) 17407(2) 18347(2) 18744(2) 19432(2) 19805(2) 20477(2) 20846(1) 20847(1) 20894(2) 20930(1)
4686;16;60;76;2905(2) 3322(2) 3493(2) 3502(2) 3636(2) 3688(2) 4215(2) 4376(2) 5223(2) 5293(2) 5689(2) 5752(2) 5880(1) 6128(2) 6891(2) 7127(1) 7144(2) 7852(2) 8146(2) 8508(2) 8540(2) 8541(2) 8565(2) 8971(2) 9167(2) 9356(2) 9438(2) 9988(2) 10344(1) 10571(2) 10738(1) 10800(2) 10903(2) 10950(2) 10995(2) 11145(1) 11311(1) 11663(1) 11751(1) 11968(2) 12137(2) 12141(1) 12563(2) 12826(2) 12996(2) 13385(1) 13480(1) 13805(2) 13853(2) 13902(2) 14138(2) 14142(1) 14612(1) 14758(2) 14966(2) 15183(1) 15551(1) 15736(2) 15957(2) 16017(1) 16046(2) 16047(2) 16060(2) 16434(2) 16482(2) 16538(2) 16725(2) 16781(2) 16809(2) 18256(2) 18333(2) 18388(2) 18520(2) 19585(2) 19652(2) 21089(2)
5001;14;62;76;261(2) 592(2) 678(2) 794(1) 1213(2) 1323(2) 1448(1) 1697(2) 2226(2) 2466(2) 2563(2) 3123(2) 3961(2) 4004(2) 4270(2) 4303(2) 4305(2) 5385(2) 5390(1) 5794(2) 5832(2) 6064(2) 6358(2) 6359(2) 6470(1) 6951(2) 6964(2) 6972(2) 7156(2) 7366(2) 7456(2) 8738(2) 8902(2) 9088(2) 9256(2) 9442(1) 9634(2) 9642(2) 10296(1) 10299(2) 10506(2) 11183(2) 11207(2) 11258(2) 11727(1) 11789(1) 11958(2) 12026(2) 12504(1) 12683(2) 12887(2) 13033(1) 13370(1) 13518(2) 13542(2) 13782(2) 13975(2) 14785(2) 14793(2) 14795(2) 14796(2) 16393(2) 16945(1) 17542(2) 17670(2) 17732(2) 19084(2) 19736(2) 19737(2) 19741(2) 19742(2) 20441(2) 20464(1) 20468(2) 20497(2) 21132(1)
3111;26;50;76;210(2) 271(2) 402(2) 567(2) 673(2) 722(2) 1196(2) 1738(2) 1883(1) 2083(2) 2217(2) 2975(2) 3412(2) 3591(2) 3621(2) 4089(1) 4313(1) 4445(2) 4615(2) 4734(2) 4748(2) 5681(1) 5990(2) 6592(2) 6682(2) 6711(1) 6807(2) 6849(1) 7169(2) 7634(2) 7726(2) 7886(2) 8256(2) 8426(1) 8430(1) 8612(2) 9309(2) 9928(2) 9949(1) 10205(2) 10491(1) 10748(1) 10872(1) 11185(2) 11378(2) 11629(2) 11781(2) 12066(2) 12263(2) 12347(2) 12535(1) 12853(2) 13029(1) 13036(2) 13164(1) 13307(1) 13450(1) 13666(2) 13750(2) 14135(1) 14543(2) 14681(1) 14963(2) 15441(2) 15507(1) 15870(1) 15950(2) 15973(1) 16627(1) 17001(2) 18159(2) 18363(2) 20150(1) 20604(1) 21157(2) 21271(1)
31978;30;46;76;235(1) 340(2) 794(1) 1165(2) 1263(2) 1502(2) 1727(2) 2161(2) 2415(1) 2465(1) 2558(2) 2694(2) 2889(1) 2893(2) 3003(2) 3044(1) 3297(2) 3429(2) 3557(2) 3718(1) 4220(2) 4255(1) 4264(2) 4383(1) 4618(1) 4703(2) 5076(2) 5603(1) 5686(2) 5987(2) 6022(1) 6203(1) 6245(2) 6655(2) 6761(1) 6826(2) 6961(2) 7554(1) 8426(1) 8561(2) 9383(1) 9962(2) 10326(2) 10808(1) 10880(2) 11449(1) 11450(2) 11452(2) 11471(2) 11653(1) 11755(2) 12623(2) 12920(2) 13654(1) 13715(2) 13802(2) 14162(2) 14891(2) 15160(1) 15697(2) 15800(2) 15870(1) 16360(1) 17627(2) 18392(2) 18459(1) 18611(2) 18839(2) 18918(1) 19074(1) 19112(1) 19116(2) 19325(2) 19671(2) 20300(1) 20847(1)
9232;28;47;75;293(2) 547(2) 621(2) 794(1) 907(2) 1521(2) 2057(2) 2060(2) 2341(2) 2415(1) 2716(2) 2879(1) 2889(2) 3044(1) 3382(2) 3410(2) 3561(2) 5014(1) 5749(2) 6022(1) 6253(2) 6605(1) 6704(2) 7008(2) 7334(2) 7341(2) 7956(2) 7980(2) 8097(2) 8426(1) 9300(1) 9383(1) 10230(2) 10276(1) 10365(2) 10528(1) 10643(1) 10692(2) 10747(2) 11287(2) 11521(2) 11822(1) 11917(2) 12048(1) 12293(1) 12462(2) 13005(1) 13259(2) 13268(2) 13476(2) 13765(2) 14150(1) 14495(2) 14960(2) 15578(2) 15870(1) 15948(1) 15959(2) 16607(1) 16655(2) 18301(2) 18373(2) 19080(1) 19415(2) 19618(2) 19766(2) 20055(1) 20120(1) 20237(2) 20276(2) 20512(1) 20846(1) 20847(1) 21120(1) 21185(2)
32011;40;35;75;234(2) 310(1) 316(2) 338(1) 385(2) 590(2) 794(1) 1196(1) 1348(2) 1952(1) 2048(1) 2248(1) 2593(2) 2760(1) 2830(2) 3714(1) 4109(1) 4269(1) 4642(2) 4921(2) 5031(2) 5267(2) 5288(2) 5336(1) 5611(2) 5681(1) 6396(2) 6414(2) 6745(2) 6886(2) 6887(1) 7226(2) 7255(1) 7319(2) 7382(2) 7563(1) 8117(1) 8153(2) 8246(1) 8295(1) 8422(1) 8426(1) 8498(1) 8666(2) 9161(1) 9946(1) 10139(1) 11032(2) 11143(1) 12231(1) 12347(1) 12490(2) 12982(2) 14083(2) 15307(1) 15870(1) 16170(2) 16347(1) 17785(1) 18183(2) 18428(2) 18503(2) 18523(1) 19158(1) 19234(1) 19310(2) 19669(1) 20150(1) 20657(2) 20761(2) 21020(2) 21021(2) 21030(1) 21243(1) 21252(1)
549;30;44;74;117(1) 323(1) 669(1) 821(1) 917(2) 1520(1) 1551(1) 2508(1) 3278(1) 3405(2) 3637(2) 3696(2) 4593(1) 4633(1) 4766(1) 5064(2) 5069(2) 5626(2) 6120(2) 6182(1) 6230(1) 6289(1) 6291(1) 6843(1) 6989(2) 7015(2) 7215(2) 7231(2) 7282(2) 7747(1) 8279(1) 8332(2) 9287(1) 9307(2) 9720(2) 9897(2) 9979(2) 9980(2) 9982(2) 9983(2) 9999(2) 10340(2) 10699(2) 10778(2) 11140(2) 11640(2) 12259(1) 12260(2) 12548(2) 12646(2) 12687(1) 12907(1) 13504(1) 14097(2) 14330(2) 15649(1) 15671(2) 15687(2) 15948(1) 16090(2) 16311(2) 16617(2) 16833(1) 16872(2) 16877(2) 16881(2) 17147(1) 19156(2) 19399(2) 19598(2) 20592(2) 20816(1) 20836(1) 20846(1)
3538;23;51;74;232(1) 508(1) 794(1) 848(2) 1260(2) 2043(2) 2127(2) 2149(2) 2159(2) 2307(1) 2415(1) 2502(2) 2628(2) 3044(1) 3838(2) 3848(2) 4142(2) 4291(2) 4618(1) 4738(2) 5991(2) 6022(1) 6429(2) 7710(1) 8163(2) 8864(2) 9074(1) 9264(2) 9383(1) 9432(2) 10495(2) 10754(2) 10846(1) 10919(2) 11342(1) 11459(2) 11855(2) 11985(2) 12458(2) 13151(1) 13215(2) 14053(2) 14541(2) 14609(2) 14772(2) 14932(2) 15314(2) 15332(2) 15347(2) 15656(1) 15756(2) 15962(1) 16113(1) 16440(2) 16449(2) 17097(2) 17265(2) 17346(1) 18351(2) 18379(1) 18508(2) 18702(2) 19071(2) 19130(2) 19300(1) 19335(2) 19481(2) 19536(2) 19566(1) 19607(1) 19755(2) 20615(1) 21256(2) 21258(2)
2382;7;67;74;466(2) 484(2) 951(2) 954(2) 1259(2) 1296(2) 1365(2) 1398(2) 1403(2) 1459(2) 1473(2) 1501(2) 1552(2) 2424(2) 2735(2) 3065(2) 3261(2) 3305(2) 3310(2) 4054(1) 4539(2) 4646(2) 4718(1) 4876(2) 4901(2) 5648(2) 5695(2) 6007(2) 6173(2) 6183(2) 6335(2) 6337(1) 6717(2) 7826(2) 8005(1) 8044(2) 8368(2) 8476(2) 9092(2) 9490(1) 10176(2) 10544(2) 10568(2) 10575(1) 10609(2) 10610(1) 10818(2) 11025(2) 11114(2) 11661(2) 11724(2) 12191(2) 13510(2) 13834(2) 13977(2) 14530(2) 14554(2) 15121(2) 15958(2) 16130(2) 16152(2) 16179(2) 16893(2) 17863(2) 18013(2) 18076(2) 18108(2) 18899(2) 19875(2) 19880(2) 19888(2) 19890(2) 21074(2) 21075(2)
161;23;50;73;716(2) 766(2) 854(1) 1315(1) 1475(2) 1528(2) 1551(1) 1555(1) 1954(2) 2353(2) 2783(2) 3215(1) 3448(2) 3642(2) 3906(2) 5271(2) 5844(2) 5856(1) 6001(2) 6842(2) 6843(1) 7130(2) 7440(2) 7509(2) 7847(2) 7930(2) 8132(2) 8434(2) 8515(1) 8537(2) 8898(2) 9280(2) 9287(1) 9416(2) 9452(2) 10207(2) 10372(2) 10637(2) 10783(2) 10978(2) 11095(2) 11201(2) 11677(2) 12907(1) 13504(1) 13618(2) 14080(2) 14156(2) 14264(2) 14383(2) 14906(2) 15273(1) 15874(2) 15922(1) 15948(1) 16035(1) 16219(2) 16280(2) 16281(2) 16283(2) 16714(2) 16894(2) 16933(2) 17998(1) 18401(1) 19047(2) 19498(1) 19697(1) 20736(1) 20818(1) 20821(1) 20840(2) 20846(1)
340;44;29;73;1118(1) 1299(2) 1541(2) 1856(1) 2504(2) 2505(2) 2603(1) 3570(1) 3896(1) 4075(2) 4662(2) 5329(1) 5742(2) 5985(2) 6164(1) 6517(2) 6765(1) 6884(1) 7259(1) 7879(2) 7909(2) 8241(1) 9287(1) 9779(1) 9949(1) 10638(2) 10660(1) 10668(1) 10685(2) 10784(1) 10812(1) 10879(2) 11040(1) 11116(2) 11137(2) 11170(2) 11230(1) 11887(2) 12574(1) 12774(2) 12923(1) 13080(1) 13497(1) 13773(2) 14282(2) 14404(2) 14426(1) 14549(1) 14658(2) 14680(1) 14936(1) 15086(1) 15528(1) 15661(2) 15667(1) 15846(1) 15922(1) 15931(2) 15948(1) 15980(2) 16089(2) 16278(2) 16297(1) 16406(1) 16407(1) 16586(1) 16685(1) 17585(2) 18301(1) 20846(1) 20847(1) 20918(1) 20927(1)
235;11;61;72;131(2) 194(2) 640(1) 762(2) 844(2) 1863(2) 2146(2) 2332(1) 2446(2) 2476(2) 2477(2) 2482(2) 2486(2) 2487(2) 2488(2) 2490(2) 2569(2) 2605(2) 2614(2) 2686(2) 2766(2) 2926(2) 3009(2) 3050(2) 3526(2) 3896(1) 4666(2) 5243(2) 5568(2) 5924(2) 6208(2) 6401(2) 6778(2) 7148(2) 7358(2) 7823(2) 7827(2) 8618(1) 8682(2) 8734(2) 9216(2) 9261(2) 9824(2) 10987(1) 11385(2) 11555(1) 11559(2) 11734(2) 12102(1) 12697(1) 13620(2) 13873(2) 14178(2) 14217(2) 14219(2) 14564(1) 14848(2) 15461(2) 15498(2) 16073(2) 16100(2) 16181(1) 16325(2) 16590(1) 17064(2) 17109(2) 17140(2) 18225(2) 19551(2) 20630(2) 20635(2) 20636(2)
103;11;60;71;118(2) 487(2) 807(2) 808(2) 1329(2) 1486(2) 1503(2) 1633(2) 1655(2) 2649(2) 4119(2) 4167(2) 4683(2) 4684(2) 4968(2) 5350(2) 6263(2) 6536(2) 6752(2) 6893(2) 7051(2) 7177(2) 7223(2) 7848(2) 7850(2) 7858(1) 8116(1) 8271(1) 8338(2) 8489(1) 8881(2) 9024(2) 9030(1) 9038(2) 9247(2) 9320(2) 9332(2) 9532(2) 9678(2) 9686(2) 9722(2) 11317(2) 11575(1) 11903(2) 11993(2) 12332(2) 12351(2) 13111(2) 13148(2) 13302(2) 13447(2) 13798(2) 14136(2) 14325(1) 14562(2) 14570(2) 14621(2) 14622(1) 15069(1) 15174(2) 15475(2) 15700(1) 15705(2) 15708(2) 16653(2) 16762(2) 16767(2) 18421(2) 19195(2) 20747(2) 20973(1)
12218;16;55;71;310(2) 335(2) 336(2) 349(2) 544(2) 910(2) 1063(1) 1847(2) 1932(1) 1952(2) 2048(2) 3023(2) 3529(2) 3652(2) 4089(1) 4196(2) 4808(2) 5007(2) 5008(1) 5017(2) 5077(2) 5136(2) 5681(1) 5823(2) 6501(2) 7140(2) 7255(2) 7460(2) 7493(2) 7985(2) 8246(2) 8426(1) 8588(2) 9161(1) 9162(2) 9557(2) 9837(1) 9855(2) 9944(2) 11299(2) 11679(1) 11726(1) 12231(1) 12404(2) 12951(2) 14048(2) 14287(2) 14892(1) 15231(2) 15645(2) 15870(1) 17642(2) 17712(2) 18022(2) 18492(2) 19023(2) 19226(1) 19230(2) 19234(1) 19308(1) 19724(2) 20130(2) 20131(2) 20150(2) 20347(2) 20473(2) 20784(2) 21030(2) 21138(2) 21213(2) 21243(2)
14533;29;42;71;211(2) 534(1) 1650(2) 1807(1) 1901(2) 1987(2) 2027(1) 2231(2) 2555(2) 3649(1) 3652(1) 3719(2) 4122(2) 4493(2) 4531(2) 4813(1) 5655(2) 5816(1) 6376(1) 6974(2) 6990(2) 7301(1) 7457(1) 7717(2) 8704(2) 8728(2) 8758(2) 8799(2) 8859(2) 9314(2) 9578(1) 9619(1) 9756(1) 9772(2) 9813(2) 10689(1) 12380(1) 13555(2) 13771(2) 15761(1) 15827(1) 17036(2) 17114(2) 17204(2) 17253(1) 17314(1) 17340(2) 17527(2) 17610(1) 17728(2) 17794(1) 18437(1) 18777(1) 18785(2) 18949(2) 18981(2) 19027(2) 19078(1) 19237(2) 19303(2) 19353(2) 19530(2) 19937(2) 20049(2) 20053(1) 20590(2) 20652(2) 20959(1) 20965(1) 21001(1) 21236(1)
30046;29;42;71;109(2) 317(2) 553(1) 794(1) 1041(2) 1101(2) 1196(1) 1604(2) 1917(1) 2248(1) 2713(2) 3014(2) 3125(2) 3430(1) 4014(1) 4089(1) 4337(2) 4370(2) 4393(2) 4496(1) 5060(2) 5455(2) 5502(2) 5681(1) 6031(2) 6119(2) 6152(2) 6214(2) 6267(1) 6468(2) 6888(2) 7609(2) 8422(1) 8426(1) 8761(2) 8972(2) 9161(1) 9810(2) 9927(2) 10227(2) 10292(2) 10343(2) 10743(1) 10973(2) 11431(1) 11615(2) 11629(1) 11725(1) 11906(2) 12231(1) 12874(1) 13377(2) 13494(2) 14116(2) 14748(2) 15063(2) 15079(1) 15307(1) 15554(1) 15870(1) 16400(2) 18902(1) 19317(2) 19324(2) 19729(2) 19834(1) 20044(2) 20518(1) 20990(2) 21176(1) 21252(1)
18766;19;52;71;197(2) 926(2) 1939(2) 2035(2) 2042(2) 2811(2) 2906(2) 2981(2) 3729(2) 3733(2) 4089(1) 4171(2) 4541(2) 4562(2) 4572(2) 4575(2) 4700(1) 4715(2) 4734(1) 4743(2) 4936(2) 5167(2) 5454(1) 5456(2) 5681(1) 5957(2) 6763(2) 8153(1) 8295(1) 8411(2) 8426(1) 8457(2) 8705(2) 8725(2) 9181(2) 9946(2) 10274(2) 10281(2) 10583(2) 10842(2) 11629(1) 11867(2) 12529(1) 13742(2) 13921(2) 13991(2) 13997(2) 14014(2) 14987(2) 15870(1) 16110(2) 16478(2) 16526(1) 16627(1) 17030(1) 17778(2) 17921(2) 18316(2) 18482(2) 18504(1) 18514(2) 19122(1) 19251(2) 19311(1) 19333(1) 19540(2) 20205(2) 20312(1) 20453(2) 20683(2) 20685(2)
2724;6;65;71;83(2) 119(2) 139(2) 468(2) 512(2) 1700(2) 1906(2) 1918(2) 1966(2) 2118(1) 2564(2) 2626(2) 3097(2) 3309(2) 4384(2) 4696(2) 4702(2) 4708(2) 4759(2) 5277(2) 5507(2) 6226(2) 6483(2) 7183(2) 7198(2) 7433(2) 7442(1) 7576(2) 7577(2) 8119(1) 8174(2) 8210(2) 9464(2) 9582(2) 9792(2) 10664(2) 10665(2) 10896(2) 11133(2) 11536(2) 11849(1) 11920(2) 12014(2) 12262(2) 12401(2) 12413(2) 12468(2) 12587(2) 12665(2) 13007(2) 13210(2) 13300(2) 13637(2) 13638(2) 14802(2) 15058(2) 15176(1) 15738(2) 17236(2) 17517(2) 19554(2) 19622(2) 19623(2) 19720(1) 19903(2) 19906(2) 19907(2) 19908(2) 19910(2) 19911(2) 20451(2)
13729;38;33;71;339(2) 350(2) 820(2) 859(2) 1098(2) 1560(2) 2331(2) 2332(1) 3190(2) 3540(1) 3896(1) 4326(2) 4418(1) 4687(2) 6935(1) 7333(2) 7398(2) 7846(2) 7971(2) 8463(2) 8731(1) 9223(1) 9287(1) 9454(2) 9540(2) 9949(1) 10350(2) 10452(1) 10528(1) 10890(1) 10927(2) 10960(2) 11186(2) 11187(2) 11551(2) 12102(1) 12145(1) 12502(2) 12719(1) 13041(2) 13084(1) 13287(1) 13370(1) 13417(1) 14859(1) 14936(1) 15922(1) 15942(1) 15948(1) 16104(1) 16140(1) 16297(1) 16452(1) 16561(2) 16590(1) 16619(1) 18145(1) 18169(1) 18180(2) 18607(2) 19154(2) 19270(2) 19292(1) 19293(1) 19360(2) 19995(2) 20147(2) 20512(1) 20804(1) 20846(1) 20847(1)
6133;6;64;70;202(2) 220(2) 251(2) 265(2) 503(2) 563(2) 677(2) 1461(2) 1634(2) 1660(2) 1758(2) 2140(2) 2203(2) 2357(2) 2496(2) 2645(1) 3157(2) 3180(2) 3228(2) 3375(2) 3417(2) 3469(2) 3985(2) 4057(2) 4387(2) 4472(2) 4818(2) 4919(2) 5439(2) 5819(2) 5871(2) 6204(2) 6595(2) 6773(1) 6960(2) 8134(2) 8890(2) 9303(2) 9617(2) 9650(2) 9939(2) 11045(2) 11350(2) 12252(2) 13177(2) 13512(2) 13719(2) 14140(2) 14490(2) 14836(2) 15523(2) 16338(1) 16667(2) 16772(2) 17031(2) 17139(2) 17188(2) 17268(2) 17640(2) 18309(2) 18633(2) 18862(2) 19115(1) 19414(2) 19813(2) 20185(2) 20526(2) 20709(1) 20753(1) 21125(2)
338;2;68;70;1149(2) 1753(2) 3248(2) 3562(2) 3597(2) 4359(2) 5107(2) 6559(2) 6945(2) 7446(2) 7668(2) 7675(2) 7678(2) 7686(2) 7699(2) 7706(2) 8451(2) 8492(2) 8639(2) 9274(2) 9445(2) 10379(2) 10777(2) 10779(2) 10847(2) 10911(2) 11638(2) 11639(2) 11644(2) 11949(2) 11951(2) 11959(2) 12063(2) 12129(2) 12159(2) 12821(2) 13340(2) 13388(2) 13410(1) 13430(2) 13509(2) 13534(2) 13993(2) 14132(2) 14154(2) 14587(2) 14745(2) 14898(2) 15133(2) 15374(2) 15381(2) 15403(2) 15429(2) 15468(2) 15470(2) 15500(2) 15517(2) 15521(2) 15522(2) 15857(2) 15992(2) 16057(2) 16358(2) 16578(2) 17329(2) 18322(2) 18870(2) 19630(2) 19648(1) 21042(2)
100;18;51;69;232(1) 330(2) 332(1) 357(2) 532(1) 743(2) 744(2) 1010(2) 1255(2) 1318(1) 1875(2) 1894(2) 2361(2) 2415(1) 2448(2) 2627(2) 2995(2) 3037(2) 3056(2) 3422(2) 3601(2) 4548(2) 4618(1) 5681(1) 6008(2) 6009(2) 6175(2) 6571(2) 7272(1) 7601(2) 7659(2) 8166(1) 8205(2) 8281(2) 8587(2) 8796(2) 8911(2) 9135(2) 9161(2) 9362(1) 9383(1) 9710(2) 9837(1) 9868(1) 10146(2) 10179(2) 11355(1) 11420(2) 11876(2) 12613(2) 12819(2) 13408(2) 13665(1) 13694(1) 14448(2) 14760(2) 14882(2) 15740(2) 16558(2) 16649(2) 17270(2) 17356(2) 18110(2) 18364(1) 19204(2) 19235(1) 19305(2) 20162(2) 20165(2)
232;2;67;69;143(2) 187(2) 269(2) 657(2) 1021(2) 1328(2) 1462(2) 1600(2) 2137(2) 2194(2) 2355(2) 2521(2) 3435(2) 3923(2) 3995(2) 3996(2) 4023(2) 4094(2) 4272(2) 5470(2) 5781(2) 5788(2) 5933(2) 6133(2) 6150(2) 6223(2) 6460(2) 6563(2) 6566(1) 6567(2) 6572(2) 6744(2) 6899(2) 7040(2) 7291(2) 7593(2) 7606(2) 8108(2) 8128(2) 8575(2) 8706(2) 9069(2) 9440(2) 9449(2) 9616(2) 9753(2) 9765(1) 9818(2) 10361(2) 10512(2) 10649(2) 10726(2) 10875(2) 12087(2) 13010(2) 14473(2) 14849(2) 14894(2) 15636(2) 16045(2) 16212(2) 16239(2) 17628(2) 18005(2) 18626(2) 19125(2) 19611(2) 19677(2) 20217(2)
1634;14;55;69;584(2) 1421(2) 1655(1) 1704(2) 1715(2) 1752(2) 3439(2) 3542(1) 3683(2) 3757(2) 4118(2) 5477(2) 6201(1) 6263(1) 6432(2) 6467(1) 6469(2) 6473(2) 6613(2) 6684(2) 6700(2) 7038(2) 7858(2) 8271(2) 8338(1) 8489(2) 8494(2) 9030(2) 9270(2) 9326(1) 9565(1) 9658(2) 9678(1) 10068(2) 10355(2) 10517(2) 11237(2) 11364(2) 12309(2) 12457(2) 12776(2) 12984(2) 13127(2) 13317(2) 13448(2) 13526(2) 13556(2) 14325(2) 14350(1) 14484(2) 14562(1) 14596(2) 14622(2) 14638(1) 14885(2) 14887(2) 15069(2) 15529(2) 15593(2) 15700(2) 15763(2) 16382(2) 16394(1) 16734(2) 17216(2) 18568(2) 19319(1) 20973(2) 20975(2)
3101;28;40;68;92(1) 519(1) 1022(2) 1109(1) 1498(2) 1551(1) 1592(2) 1714(1) 1882(2) 2752(1) 3162(1) 3278(1) 3600(2) 3612(2) 3675(2) 3778(2) 3911(2) 4168(2) 4593(1) 5246(2) 5609(2) 5668(2) 6304(2) 6493(2) 6528(2) 6529(1) 6593(1) 6647(2) 6750(1) 6873(1) 7043(2) 7131(2) 7519(1) 7533(2) 7534(2) 8301(1) 8399(2) 8436(1) 8443(1) 8600(2) 8848(2) 8860(2) 8947(1) 9213(2) 9287(1) 10481(2) 11456(1) 11870(1) 12086(2) 12679(2) 12912(2) 14206(2) 14679(2) 15948(1) 15978(1) 16035(1) 16599(1) 17258(2) 17486(1) 17912(2) 18564(1) 18575(2) 20487(2) 20820(1) 20824(2) 21111(2) 21237(2) 21264(2)
9791;18;50;68;315(2) 417(2) 709(2) 1032(2) 1241(1) 1713(2) 1754(2) 2152(2) 2332(1) 2348(2) 2377(2) 2389(2) 2520(1) 2954(1) 3148(2) 3188(2) 3216(2) 3238(2) 3250(2) 3255(2) 3635(2) 3701(1) 3896(1) 4182(2) 4670(1) 5023(2) 5674(2) 5751(2) 5829(2) 6884(1) 7298(2) 7520(2) 7691(2) 7707(2) 7842(2) 8030(1) 8037(2) 8062(1) 8593(2) 8624(2) 8702(1) 8867(2) 9079(2) 9193(2) 9930(1) 10886(2) 11418(2) 11955(2) 14443(2) 14976(1) 15948(1) 16003(2) 16414(2) 16448(2) 16506(2) 16932(2) 16988(2) 16991(2) 17002(2) 18867(1) 19561(2) 19963(2) 20620(2) 20622(1) 20624(1) 20883(1) 20885(2) 20886(2)
1870;28;39;67;856(2) 875(2) 944(1) 1116(1) 1768(2) 1805(1) 2220(2) 2332(1) 2407(2) 3536(2) 3813(1) 3896(1) 5005(2) 5211(2) 5563(2) 5602(2) 6355(2) 6446(2) 7273(2) 7963(2) 8833(1) 8834(1) 9694(2) 10688(2) 10841(2) 10987(1) 11036(2) 11235(1) 11490(1) 11956(2) 12021(2) 12102(1) 12141(1) 12187(2) 12338(2) 12340(2) 12444(2) 12497(1) 12688(2) 12739(2) 12877(2) 13095(1) 13385(1) 13391(2) 13450(2) 13612(2) 13732(1) 14064(1) 14066(1) 14227(1) 14339(2) 14551(2) 15018(1) 15183(2) 15277(1) 15841(2) 15860(1) 16093(1) 16140(1) 16181(1) 16301(2) 16541(2) 16590(1) 18442(1) 19246(2) 19563(2) 21107(2)
29565;23;44;67;140(2) 294(2) 345(2) 378(2) 550(1) 957(1) 984(2) 1702(1) 1736(2) 1910(2) 1964(2) 2415(1) 2762(2) 2850(1) 2932(2) 3026(2) 3032(1) 3670(2) 4515(2) 4537(1) 4556(2) 4600(1) 4625(2) 5163(1) 6022(1) 6673(1) 6735(1) 6900(2) 7781(2) 8040(2) 8278(2) 8290(2) 8693(1) 8725(1) 8810(2) 8986(2) 9300(1) 9331(2) 10462(2) 11294(1) 11443(1) 11713(1) 11935(2) 12196(2) 12400(2) 12423(2) 12541(2) 12808(2) 12835(2) 13033(1) 14604(1) 14635(2) 14702(2) 16411(2) 16800(2) 18044(2) 18393(2) 18459(2) 18704(2) 18742(2) 18759(2) 19112(1) 19392(1) 20561(1) 20571(2) 20656(2) 20767(2)
29211;26;41;67;220(1) 572(2) 1079(2) 1081(2) 1193(1) 1219(1) 1412(2) 1758(1) 1796(2) 1816(2) 2046(2) 2357(1) 2471(1) 3104(2) 3932(1) 4010(2) 4080(1) 4351(2) 4595(2) 5102(1) 5250(1) 5263(2) 6552(2) 6773(1) 7152(2) 7267(2) 7664(2) 7830(2) 8134(1) 8272(2) 8731(1) 8949(2) 9111(2) 9190(2) 9645(2) 9865(2) 9911(2) 9925(1) 10569(2) 11645(1) 12171(2) 12831(2) 13958(2) 14263(1) 14269(2) 14458(1) 14719(2) 15504(2) 15948(1) 16010(1) 16610(2) 16695(1) 18174(1) 18541(2) 18579(1) 19115(1) 19393(2) 19814(2) 20268(1) 20661(2) 20709(1) 20748(1) 20752(2) 20757(2) 20773(2) 20862(2) 21239(2)
122;10;56;66;353(2) 1642(2) 1823(2) 3731(2) 3896(2) 5170(2) 6146(2) 6408(2) 6884(2) 7096(2) 7162(2) 7450(2) 7908(2) 7927(2) 8214(2) 8521(2) 9127(2) 9287(1) 9334(2) 9534(2) 9779(2) 9902(2) 9949(1) 10255(2) 10291(2) 10913(1) 10946(2) 11230(1) 12145(1) 12741(2) 13080(2) 13309(2) 13405(2) 13711(2) 13816(2) 14005(2) 14150(2) 14238(2) 14426(2) 14524(2) 14680(2) 15158(2) 15161(2) 15415(2) 15491(2) 15559(2) 15619(2) 15667(2) 15846(2) 15922(2) 15948(1) 16077(2) 16297(2) 16407(1) 16589(2) 17358(2) 17473(2) 19266(2) 20279(1) 20606(2) 20607(2) 20612(2) 20818(1) 20846(1) 20847(2) 21260(2)
1369;14;52;66;116(2) 232(1) 332(1) 885(2) 1222(2) 1858(2) 1895(2) 1916(2) 1933(2) 1934(2) 2076(2) 2367(2) 2993(2) 3223(2) 3245(1) 3560(2) 3739(2) 3917(2) 3948(2) 3969(2) 4398(2) 4529(2) 4605(2) 4754(2) 5681(1) 5826(2) 6516(2) 6662(2) 6737(2) 6896(2) 7994(2) 8072(2) 8205(1) 8568(2) 8796(1) 9135(1) 9161(1) 9362(1) 9383(1) 9836(2) 10542(2) 10972(2) 10986(2) 10990(2) 10992(2) 11355(1) 11811(2) 11876(1) 12624(2) 13270(1) 13840(2) 13943(2) 14148(1) 14428(2) 16066(2) 16605(2) 17902(2) 18140(2) 19271(2) 19272(2) 19337(2) 19338(2) 19352(2) 19355(2) 19359(2) 20176(2)
5847;18;48;66;410(2) 1195(2) 1625(1) 1648(2) 2271(2) 2272(2) 2277(2) 2778(1) 3353(2) 3510(2) 3979(2) 4197(2) 4414(1) 4776(1) 4780(2) 4806(2) 4858(1) 4917(2) 5272(2) 5366(2) 5592(2) 5697(1) 5725(2) 6003(1) 7481(1) 8219(2) 8232(2) 8233(2) 8613(2) 9108(2) 9139(2) 10017(2) 10177(2) 10242(1) 10855(2) 11244(2) 11812(2) 12163(1) 12386(2) 12783(2) 12919(2) 13039(2) 13051(1) 13076(2) 13284(2) 13297(1) 13741(2) 14037(1) 14160(1) 14773(2) 14933(2) 14988(1) 15177(1) 15212(2) 15362(2) 15451(2) 15777(2) 16172(2) 16336(1) 17508(2) 18677(2) 19976(2) 19978(1) 19981(2) 19982(2) 21165(2)
2927;2;64;66;111(2) 529(2) 653(2) 765(2) 1056(2) 1193(2) 1256(2) 1257(2) 1710(2) 1958(2) 2393(2) 2549(2) 4231(2) 4581(2) 4857(2) 4929(2) 4930(2) 5104(2) 5430(2) 5506(2) 5618(2) 5620(2) 5632(2) 5787(2) 5805(2) 5959(2) 6071(2) 6419(2) 6773(2) 7313(2) 7626(2) 7730(2) 7784(2) 8133(2) 8158(2) 8471(2) 8507(1) 9484(2) 9595(2) 9696(1) 10243(2) 11714(2) 12557(2) 13161(2) 13692(2) 13762(2) 13792(2) 13864(2) 14569(2) 14605(2) 15150(2) 15599(2) 15762(2) 15873(2) 16139(2) 17786(2) 18026(2) 18052(2) 18736(2) 18827(2) 18937(2) 18943(2) 19794(2) 20123(2) 20124(2) 20125(2)
14510;13;53;66;546(2) 1359(2) 1363(2) 1374(2) 1446(2) 1457(2) 2006(2) 2014(1) 2328(2) 2687(2) 2737(2) 3687(2) 3824(1) 4061(2) 4363(2) 4471(2) 4539(1) 4954(2) 5280(2) 5349(2) 5755(1) 5804(2) 5976(2) 6879(2) 6979(2) 8485(2) 8849(2) 9165(1) 9483(2) 9956(2) 10575(1) 11112(2) 11113(2) 11171(2) 11303(2) 11368(2) 12314(2) 12724(2) 12752(2) 13339(2) 13835(2) 13842(1) 14393(2) 14617(2) 14881(2) 15913(2) 15934(1) 16011(2) 16313(2) 16554(1) 17091(2) 17739(2) 18058(2) 18073(2) 18499(2) 18800(2) 19157(2) 19185(2) 19186(2) 19878(1) 19884(1) 19914(2) 20331(2) 21164(1) 21222(1) 21266(2)
11477;29;36;65;232(1) 321(2) 357(1) 927(2) 1164(2) 1190(1) 1813(2) 2072(2) 2415(1) 2964(2) 3044(1) 3119(1) 3994(1) 4468(2) 4479(2) 4497(1) 4566(2) 4613(1) 4618(1) 5096(1) 5681(1) 6053(2) 6056(2) 6129(2) 6617(2) 6714(1) 6815(1) 7005(1) 7217(2) 7775(2) 7777(2) 8033(2) 8078(1) 8205(1) 8320(2) 8329(2) 9055(1) 9161(1) 9362(1) 9383(1) 9609(2) 9837(1) 10155(2) 10280(2) 11083(1) 12301(2) 12638(2) 13270(1) 13420(1) 14023(1) 14076(2) 14985(2) 15106(2) 15110(2) 15805(2) 16113(2) 16624(1) 17059(2) 17298(2) 18175(2) 18909(2) 19248(1) 20156(2) 20970(2) 21153(1)
7508;20;45;65;236(1) 612(2) 787(2) 794(1) 1170(2) 1515(2) 2003(2) 2078(2) 2248(1) 2304(2) 2751(2) 3067(1) 3072(2) 3441(2) 3541(2) 3955(2) 4089(1) 4151(2) 4817(2) 4863(2) 5681(1) 7187(2) 7521(2) 7745(1) 7962(2) 8135(1) 8264(1) 8313(2) 8422(2) 8426(1) 8428(2) 8430(2) 8635(2) 9161(1) 9603(2) 9805(1) 10139(1) 10836(2) 11224(2) 11700(2) 11801(2) 11996(1) 12041(2) 12194(1) 12848(2) 12936(2) 13759(2) 14465(2) 14728(2) 15034(2) 15307(1) 15870(1) 15871(2) 15975(2) 16445(2) 18902(1) 19158(1) 19821(2) 19830(2) 19834(2) 19842(2) 20277(2) 20589(2) 20846(1) 20964(2)
914;19;46;65;482(2) 767(2) 1059(2) 2544(2) 3278(1) 3525(1) 4412(2) 4585(2) 4593(1) 4654(1) 4766(1) 5356(2) 6259(2) 6750(1) 6797(2) 6873(1) 8189(2) 8293(2) 8398(2) 8441(2) 8443(1) 8901(2) 9287(1) 10133(2) 10163(2) 10898(2) 11019(2) 11456(1) 11618(2) 11694(2) 11859(2) 12025(2) 12205(2) 12259(1) 12597(2) 12706(2) 12766(2) 12824(2) 13027(1) 13504(1) 14378(2) 14695(2) 14750(2) 15273(2) 15945(2) 15948(1) 15951(1) 15971(2) 15978(1) 16023(2) 16312(2) 16438(1) 16599(1) 17742(2) 17824(2) 17986(2) 18070(2) 18352(2) 18692(2) 18876(2) 19361(2) 20827(2) 20845(2) 20846(1) 21231(2)
24980;27;38;65;160(1) 840(1) 1108(1) 1119(2) 1129(2) 1139(2) 1487(2) 1720(2) 1842(2) 2422(2) 2500(2) 2704(2) 4618(1) 5657(1) 5761(2) 5935(2) 6172(2) 6673(1) 6812(2) 7175(2) 7311(1) 7383(2) 7807(1) 9368(2) 9405(2) 9570(1) 10091(1) 10201(2) 10389(2) 10401(2) 10951(2) 11435(2) 11572(1) 11637(2) 12076(2) 12509(2) 12584(2) 13529(1) 13866(1) 14199(2) 14364(2) 14962(1) 15524(1) 15948(1) 16044(1) 16335(1) 16337(2) 16395(1) 17874(1) 18011(2) 18766(2) 18962(2) 19115(1) 19447(2) 19449(1) 19451(1) 19454(1) 19456(2) 19458(2) 19460(2) 19467(1) 20055(1) 20321(1) 20704(2) 21082(2)
11250;16;49;65;860(2) 963(2) 967(2) 1014(1) 1064(2) 1067(2) 1069(2) 1536(1) 1625(1) 1913(2) 2126(2) 2270(2) 2278(2) 2308(2) 2712(2) 2778(1) 2785(2) 3018(2) 3161(2) 3358(1) 3979(1) 4331(2) 4332(2) 4776(1) 5272(1) 5697(1) 5712(2) 5903(2) 6345(2) 7911(2) 8660(2) 9359(2) 9519(2) 9815(2) 9820(2) 10385(2) 10914(2) 11105(2) 11605(2) 11981(2) 12723(2) 13297(2) 13636(2) 13741(1) 14024(2) 14094(2) 14707(2) 14988(1) 15177(1) 15179(2) 15320(2) 15651(1) 15821(2) 16320(2) 16336(1) 17741(1) 17754(2) 18751(2) 19213(2) 19548(2) 19898(2) 19987(2) 20009(2) 21165(1) 21247(2)
4693;17;47;64;150(2) 1310(1) 1479(2) 2040(2) 2507(1) 2561(2) 2860(2) 3131(2) 3279(1) 3774(2) 4068(2) 4404(1) 4430(2) 4627(2) 4629(2) 5202(1) 5210(2) 5232(2) 5692(2) 5693(2) 6484(2) 6544(2) 6800(2) 8017(1) 8400(2) 8407(2) 8576(1) 8582(2) 9255(2) 9548(2) 9736(2) 10134(2) 11491(2) 11575(1) 11964(1) 12222(1) 12977(1) 13276(2) 13464(2) 13652(2) 13769(2) 13784(1) 13867(2) 14126(2) 15213(2) 15414(1) 15835(2) 15847(2) 15936(2) 15946(1) 15955(2) 15956(2) 16236(2) 16402(1) 16633(1) 16747(1) 17830(2) 18117(2) 19424(2) 19425(2) 19427(2) 19433(2) 19580(2) 19594(2)
20787;31;32;63;219(2) 688(1) 939(2) 1026(1) 1477(2) 1488(2) 1784(2) 3027(1) 3169(1) 3613(2) 4258(1) 5591(2) 5744(1) 7277(1) 7535(1) 7974(2) 7995(1) 8177(1) 8178(2) 8179(2) 8185(1) 8187(1) 8196(2) 8211(1) 8362(2) 8542(2) 8976(1) 9154(2) 9393(1) 9501(1) 9547(1) 9977(1) 10286(2) 10308(2) 10335(1) 10363(1) 10441(1) 10457(1) 10479(2) 10558(2) 10827(1) 11164(2) 11179(2) 11578(2) 11581(2) 11769(2) 12363(1) 12451(2) 12994(1) 13630(1) 14397(2) 14422(1) 14642(2) 15013(2) 15025(1) 16211(2) 17453(2) 17963(2) 18330(1) 18710(1) 19654(1) 20204(2) 21109(2)
37387;25;37;62;232(1) 235(1) 283(2) 794(1) 855(2) 1233(1) 1516(2) 1741(1) 1811(2) 1877(2) 1923(2) 2415(1) 3044(1) 3089(2) 3573(2) 3718(1) 4618(1) 5163(1) 5633(2) 6022(1) 6081(2) 6761(1) 6978(1) 7126(2) 7357(2) 8206(1) 8288(2) 8606(2) 9383(1) 9655(2) 9807(2) 10474(2) 10548(2) 10620(2) 10938(2) 11541(1) 11977(1) 14358(2) 14594(2) 15023(2) 15118(2) 15489(2) 15538(1) 15656(1) 15962(1) 17969(2) 18130(1) 18164(2) 18175(1) 18616(2) 18727(2) 18752(2) 18832(2) 19074(1) 19322(2) 19326(2) 19820(2) 20023(2) 20291(2) 20847(1) 20917(2) 21153(1)
41;1;61;62;195(2) 231(2) 478(2) 1092(2) 1162(2) 1706(2) 1907(2) 2432(2) 2581(2) 2918(2) 3251(2) 3528(2) 3552(2) 3787(2) 4404(2) 4405(2) 4406(2) 4407(2) 4409(2) 4413(2) 4867(2) 5360(2) 6114(2) 6115(2) 6116(2) 6118(2) 7142(2) 7202(2) 7307(2) 7447(2) 7998(2) 8017(2) 8103(2) 9466(2) 9620(2) 10261(2) 10472(2) 11575(2) 11592(2) 11791(2) 11849(1) 12249(2) 12391(2) 12755(2) 12765(2) 13425(2) 13561(2) 14079(2) 14302(2) 14315(2) 14474(2) 16317(2) 16596(2) 16752(2) 17137(2) 17344(2) 18596(2) 18730(2) 19593(2) 19674(2) 19925(2) 19926(2)
15480;34;28;62;486(2) 1133(2) 2118(1) 3084(2) 3102(2) 3279(1) 3470(2) 3547(2) 3875(1) 4098(1) 4391(1) 4801(2) 5085(2) 5202(1) 5310(2) 5410(2) 6000(2) 6519(1) 7057(1) 7622(2) 7759(1) 8017(1) 8098(1) 8509(2) 8651(1) 9003(1) 9203(2) 9218(2) 9521(2) 10395(2) 11502(1) 11575(1) 11849(1) 11964(1) 11974(2) 12011(1) 12455(2) 12468(1) 12591(1) 13116(1) 13197(2) 13410(2) 13484(1) 13576(1) 13772(2) 15496(1) 15825(1) 16177(1) 16178(1) 16358(1) 16747(1) 17617(1) 17654(1) 17957(2) 18031(2) 18596(1) 18668(2) 19425(1) 19426(2) 19462(2) 19544(1) 19993(2)
89;22;39;61;168(2) 481(2) 845(2) 945(2) 1252(2) 1313(2) 1551(1) 1714(2) 1730(2) 3278(1) 4107(2) 4593(1) 4766(1) 4883(2) 6051(2) 6262(2) 6529(1) 6750(1) 6843(1) 6873(1) 7165(2) 7463(2) 7770(1) 7923(2) 8191(2) 8443(1) 8462(2) 8511(2) 8545(2) 8850(2) 8897(2) 9287(1) 11870(2) 12259(1) 12429(2) 12859(2) 12907(1) 13027(2) 13379(2) 13455(2) 13504(1) 14175(1) 14326(2) 15331(2) 15343(2) 15589(2) 15806(2) 15816(2) 15839(1) 15948(1) 16174(2) 16438(1) 16544(2) 16628(2) 17307(2) 17998(1) 20812(2) 20818(1) 20821(1) 20846(1) 21150(2)
11010;2;59;61;365(2) 1014(2) 1265(2) 1801(2) 1848(2) 2022(2) 2191(2) 2403(2) 2530(2) 2621(2) 2643(2) 2785(1) 2788(2) 2992(2) 3121(2) 3254(1) 3358(2) 3659(2) 4321(2) 4682(2) 4719(2) 4781(2) 4872(2) 5152(2) 6868(2) 7321(2) 7973(2) 8302(2) 8691(2) 10453(2) 11451(2) 11798(2) 12067(2) 12337(2) 12472(2) 13067(2) 13087(2) 14188(2) 14189(2) 14713(2) 14734(2) 15042(2) 15045(2) 15317(2) 15914(2) 16321(2) 16856(2) 16916(2) 17237(2) 17402(2) 17741(2) 18371(2) 18386(2) 18438(2) 19011(2) 19564(2) 19701(2) 20015(2) 20019(2) 20203(2) 20344(2)
3545;15;46;61;103(2) 598(2) 901(2) 904(2) 1238(2) 1969(2) 2509(2) 2564(1) 3036(2) 4083(2) 4218(2) 4265(2) 4481(1) 5074(2) 5452(1) 6039(2) 6365(1) 6496(2) 7138(1) 7637(2) 8119(1) 8335(2) 8551(1) 8607(2) 8616(2) 8672(2) 8917(2) 9450(1) 9515(2) 9738(1) 10878(2) 10891(2) 11006(2) 11133(1) 12344(2) 12585(2) 12667(2) 12722(1) 14701(2) 15030(2) 15189(2) 15288(2) 15694(2) 16111(2) 16123(2) 16314(2) 16811(1) 16986(2) 17055(1) 17143(2) 17214(2) 19574(2) 19719(2) 19720(2) 19721(1) 19722(2) 19752(2) 19753(1) 20057(2) 21161(2) 21162(2)
2827;6;55;61;241(2) 476(2) 687(1) 802(2) 941(2) 946(2) 1633(1) 1881(2) 2438(2) 2645(2) 2722(2) 3011(2) 3440(2) 4631(2) 4974(2) 5899(2) 5913(2) 7190(2) 7239(2) 7254(2) 7375(2) 7613(2) 7861(1) 7915(2) 8083(1) 8323(2) 8564(2) 8608(2) 8671(2) 8783(2) 9542(2) 9711(1) 9974(2) 9977(2) 10070(2) 10329(2) 11277(2) 12414(2) 12468(1) 12503(2) 12738(2) 12947(2) 13285(2) 13480(2) 13728(2) 13908(2) 14529(2) 14581(2) 14706(2) 14732(2) 15011(2) 15017(2) 15026(2) 15996(2) 16380(2) 16404(2) 16964(2) 17989(2) 18810(2) 19931(2) 21201(2)
4949;4;57;61;728(2) 1047(2) 1448(1) 1707(2) 1797(2) 1927(2) 2329(2) 2998(2) 3954(2) 4067(2) 5215(2) 5390(2) 5406(2) 6933(2) 6963(2) 6971(2) 7360(2) 7442(2) 7808(2) 8105(2) 8110(1) 8122(2) 8381(2) 9273(2) 9444(2) 9742(2) 10848(2) 11192(2) 11568(2) 12333(2) 12601(2) 13033(1) 14429(2) 14561(2) 14608(2) 14782(2) 14788(2) 14792(2) 14799(2) 14800(2) 15001(2) 15058(1) 15127(2) 16054(2) 16672(2) 16721(2) 17018(2) 17084(2) 17092(2) 17184(2) 17481(2) 17615(2) 17853(2) 17905(2) 18578(2) 19255(2) 19877(2) 20447(2) 20448(2) 20449(2) 20455(2)
5022;22;39;61;278(2) 518(2) 585(2) 897(2) 1803(1) 2638(1) 2900(2) 2982(2) 3044(1) 3213(2) 3266(2) 3572(2) 4129(1) 4307(2) 4744(2) 4998(2) 5168(2) 5179(2) 5722(2) 6134(1) 6650(2) 6743(2) 7281(1) 7558(2) 7914(2) 7919(2) 8252(1) 8513(2) 10838(2) 11621(1) 11652(2) 11854(1) 11977(1) 12145(1) 12515(2) 12814(2) 13023(1) 14090(2) 14150(1) 14655(1) 14687(2) 15161(1) 15310(2) 15538(1) 15922(1) 15948(1) 16371(2) 16502(1) 16589(1) 16716(2) 17432(2) 17836(2) 18032(2) 18156(2) 18379(1) 19199(2) 19508(2) 19573(2) 20847(1) 20857(2) 20949(2)
7234;25;36;61;687(2) 887(2) 997(2) 1108(1) 1172(1) 1274(2) 2075(1) 2153(2) 2202(2) 3012(2) 3029(2) 3145(2) 3686(2) 4233(2) 4868(2) 5250(1) 6872(2) 7028(2) 7132(2) 7181(2) 7241(2) 7786(2) 9287(1) 9461(1) 9779(1) 9890(2) 9949(1) 10336(2) 10635(2) 11503(2) 11727(1) 12411(2) 12550(1) 13021(2) 13287(1) 13550(1) 13951(2) 14477(2) 14553(1) 14794(2) 14813(2) 15269(1) 15503(2) 15518(1) 15948(1) 16156(2) 16297(1) 16322(2) 17127(2) 17792(2) 18017(2) 19046(2) 19115(1) 19223(1) 19229(1) 19449(1) 19455(1) 20055(1) 20846(1) 20847(1) 21230(2)
511;36;25;61;92(1) 203(2) 841(2) 1109(1) 1357(2) 1656(2) 1856(1) 3043(2) 3162(1) 3278(1) 4593(1) 4621(2) 4764(1) 4766(1) 4957(2) 5607(2) 6485(2) 6529(1) 6601(2) 6873(1) 7232(2) 8947(1) 9287(1) 9779(1) 9942(1) 9949(1) 11211(2) 11870(1) 12006(2) 12185(2) 12431(2) 12634(2) 13035(2) 13932(1) 13973(2) 14159(1) 14175(1) 14241(1) 14326(1) 14327(1) 14402(1) 14533(2) 14599(1) 14923(2) 14935(2) 15806(1) 15942(1) 15948(1) 15951(1) 16284(2) 16407(1) 16408(2) 16438(1) 16519(2) 16636(1) 16826(2) 16859(1) 20818(1) 20846(1) 20847(1) 21207(1)
3000;16;45;61;1067(1) 1128(2) 1195(1) 1625(2) 1671(2) 1685(2) 1913(1) 2270(1) 2273(2) 2429(2) 2778(2) 3358(1) 3510(1) 3812(2) 4414(2) 4776(2) 4858(2) 5087(2) 5166(2) 5592(1) 5697(2) 5712(1) 5734(2) 5874(2) 6003(2) 7102(2) 7481(2) 7522(2) 8152(2) 8186(2) 8212(2) 8232(1) 8816(2) 9486(2) 10228(2) 10242(1) 10767(2) 10772(2) 11246(2) 11605(1) 12163(2) 12446(2) 13245(2) 13414(2) 13994(2) 14037(2) 14160(2) 14988(2) 15177(2) 15178(2) 15212(1) 15362(1) 15451(1) 15821(1) 16336(2) 17468(2) 17741(1) 19591(2) 19626(2) 19975(2) 21180(2)
29033;7;54;61;276(2) 625(2) 976(2) 1055(2) 1584(2) 1959(2) 2670(2) 3276(2) 3638(2) 3991(2) 4739(1) 5154(1) 5624(2) 5670(2) 6237(2) 6300(2) 6464(2) 6626(2) 6629(2) 7000(2) 7129(2) 7243(2) 8347(2) 8355(2) 8854(1) 8862(2) 8944(2) 9480(2) 9538(1) 9613(2) 9843(2) 10006(2) 10100(1) 10392(2) 10398(1) 10666(2) 10908(2) 12195(2) 12704(2) 12889(2) 13049(2) 13061(2) 13525(2) 13586(1) 14357(2) 14411(2) 14501(2) 14519(2) 14729(2) 15134(2) 15274(2) 16269(2) 16729(2) 16768(2) 16795(2) 18147(2) 20160(2) 20284(2) 20457(2) 20802(2) 21096(2)
10709;2;58;60;85(2) 541(2) 1152(2) 1339(2) 1454(2) 1691(2) 1702(1) 1825(2) 1868(2) 2105(2) 2831(2) 3041(2) 3042(2) 3799(2) 4173(2) 4440(2) 4449(2) 5589(2) 5979(2) 6503(2) 6774(2) 6991(2) 7240(2) 7371(2) 7385(2) 7483(2) 7662(2) 7673(2) 7674(2) 8029(2) 8137(2) 8360(2) 8529(2) 8583(2) 9719(2) 10561(2) 10787(2) 10788(2) 10834(2) 12705(2) 13033(1) 13086(2) 13198(2) 13546(2) 13941(2) 15084(2) 15227(2) 15382(2) 15654(2) 15678(2) 16200(2) 16791(2) 17429(2) 17569(2) 18788(2) 18821(2) 19474(2) 19475(2) 20595(2) 20598(2)
1338;2;58;60;93(2) 95(2) 98(2) 112(2) 761(2) 774(2) 1414(2) 1432(2) 1746(2) 2024(2) 2079(2) 2170(2) 2524(2) 3129(2) 3133(2) 3245(2) 3346(2) 3938(2) 4278(2) 4280(2) 4297(2) 6217(2) 7310(2) 7327(2) 7368(2) 7604(2) 7647(2) 7897(2) 8460(2) 8527(2) 8535(2) 8668(2) 8690(2) 9283(2) 9383(1) 9715(2) 9741(2) 9804(2) 10501(2) 11073(2) 12571(2) 12572(2) 12654(2) 12674(2) 14254(2) 14513(2) 14894(1) 15307(2) 16064(2) 17312(2) 17755(2) 17911(2) 19077(2) 20294(2) 20295(2) 20301(2) 20304(2) 20913(2) 21112(2) 21244(2)
19960;30;30;60;220(1) 296(2) 428(2) 772(2) 922(1) 997(1) 1787(2) 2225(2) 2357(1) 2435(1) 2726(2) 2853(2) 3397(2) 3843(1) 3984(1) 4080(2) 4651(2) 5102(1) 5250(1) 6028(2) 6773(1) 6866(2) 6980(1) 7020(2) 7854(1) 7857(1) 8134(1) 8158(1) 8805(1) 8939(2) 9752(2) 9865(1) 10336(1) 10348(2) 11647(2) 11922(2) 11986(2) 12138(1) 12647(2) 12900(2) 12934(2) 13191(1) 13228(2) 13287(1) 15518(1) 15530(1) 15795(2) 15948(1) 16005(2) 16010(1) 16934(2) 17165(1) 17452(2) 17770(2) 17859(1) 18006(2) 19115(1) 20055(1) 20512(1) 21216(2)
25367;32;28;60;852(1) 1172(1) 1404(1) 1448(1) 2160(1) 2861(2) 2871(2) 3163(2) 3219(2) 3896(1) 4026(2) 4039(2) 4257(1) 4418(1) 5390(1) 6131(1) 6470(2) 6471(2) 6659(2) 7896(2) 8102(1) 8169(1) 8371(2) 8396(2) 8412(2) 9779(1) 9924(2) 9949(1) 10551(1) 10561(1) 10614(2) 10635(1) 11130(1) 11336(2) 11412(2) 11727(1) 11789(1) 12700(2) 12792(2) 13033(1) 13693(1) 14461(2) 14560(2) 14986(2) 14992(2) 15170(2) 15404(1) 15518(1) 15922(1) 15948(1) 16297(1) 16552(2) 16658(2) 16659(1) 16948(2) 18075(2) 19115(1) 20698(1) 20846(1) 20847(1)
6063;12;48;60;588(2) 630(1) 2294(2) 2583(2) 2631(2) 2635(2) 2859(2) 3531(2) 3982(2) 4549(2) 5089(2) 5147(2) 5771(2) 5836(2) 5971(2) 5995(2) 6080(1) 6312(2) 6370(2) 6435(2) 6438(2) 6606(1) 6607(2) 6631(1) 6666(2) 6731(2) 6937(1) 7068(2) 7219(2) 7309(2) 7351(1) 7443(2) 7737(2) 8026(2) 8101(2) 8216(1) 8601(2) 8805(2) 8921(2) 9019(1) 9044(2) 9062(2) 9070(2) 9286(2) 10262(1) 10578(2) 10674(2) 11775(1) 13422(2) 16070(2) 17260(2) 17551(2) 17673(2) 18135(2) 18145(2) 18652(2) 19115(1) 19515(2) 20251(2) 20778(1)
118;0;59;59;693(2) 1104(2) 4262(2) 4730(2) 5191(2) 5886(2) 6165(2) 6372(2) 8092(2) 8387(2) 10075(2) 10090(2) 10368(2) 10811(2) 11262(2) 11467(2) 11594(2) 11844(2) 11851(2) 11929(2) 12218(2) 12631(2) 12795(2) 13034(2) 13246(2) 13313(2) 13418(2) 13607(2) 13623(2) 13823(2) 13829(2) 14167(2) 14170(2) 14222(2) 14354(2) 14414(2) 14515(2) 14611(2) 14724(2) 14776(2) 14803(2) 14954(2) 14984(2) 15107(2) 15600(2) 15935(2) 16125(2) 16145(2) 16243(2) 16369(2) 16376(2) 16384(2) 17120(2) 17567(2) 19142(2) 19444(2) 19839(2) 20031(2) 20109(2)
28800;28;31;59;745(2) 1063(2) 1178(2) 1192(2) 1196(1) 1652(1) 2090(2) 2206(2) 3755(2) 3756(2) 3998(2) 4269(2) 4358(2) 4437(2) 4451(1) 4514(2) 4734(1) 4925(2) 5527(2) 5681(1) 6041(2) 7036(2) 7097(1) 7482(2) 8426(1) 8599(2) 9156(2) 9949(1) 10129(2) 10192(1) 10469(2) 10536(2) 10691(1) 10713(2) 10872(1) 11132(2) 11629(1) 11909(2) 12300(1) 12529(1) 12888(1) 12931(1) 13029(1) 14681(1) 15226(2) 15507(1) 15870(1) 16141(1) 16603(1) 16903(2) 17618(1) 18319(1) 19812(1) 20150(1) 20175(2) 20227(1) 21154(2) 21169(2) 21273(1)
26849;21;37;58;367(2) 724(1) 1309(2) 1911(1) 2145(1) 3548(2) 3720(2) 4731(2) 5646(1) 6045(1) 6269(2) 6598(1) 7528(1) 8065(2) 8135(2) 8426(1) 9732(1) 9846(2) 10526(2) 10613(2) 11115(2) 11369(2) 11495(2) 11561(1) 11807(1) 12276(2) 12348(2) 12743(2) 12827(2) 12924(2) 13033(1) 13759(1) 14033(2) 15112(2) 15166(2) 15359(2) 15870(1) 15972(1) 16007(2) 16161(1) 17343(2) 17592(1) 17801(2) 18049(1) 18061(1) 18628(2) 18860(2) 18958(2) 19132(2) 19138(2) 19141(2) 19143(2) 19411(2) 19497(1) 19831(1) 19836(2) 20240(2) 20957(2)
1667;6;51;57;84(2) 704(1) 712(2) 1187(2) 1233(1) 2959(2) 3745(2) 4314(2) 4891(2) 6022(1) 6179(2) 7188(2) 7216(2) 8043(2) 8992(2) 9328(2) 9354(2) 10288(2) 10723(2) 10846(2) 10983(2) 11221(2) 11263(1) 11342(1) 11386(2) 11620(2) 11739(2) 11820(2) 13155(2) 14266(2) 14365(2) 14406(2) 14766(2) 14866(2) 15656(2) 15698(2) 15757(2) 15887(2) 15962(2) 16654(2) 16961(2) 17213(2) 17678(2) 18311(2) 18340(2) 18379(2) 18794(2) 18960(2) 19090(2) 19316(2) 19566(2) 19607(2) 19966(1) 20615(2) 20774(2) 20881(2) 20993(2)
1572;7;50;57;184(2) 681(2) 727(2) 1001(2) 1651(2) 2058(2) 2989(2) 3149(2) 3702(2) 4618(1) 5270(2) 5657(2) 6020(2) 6021(2) 6060(2) 6307(2) 6612(2) 6673(1) 6857(2) 7317(2) 8633(2) 8740(2) 9996(2) 10091(2) 10475(2) 10901(2) 10996(2) 11239(2) 11531(2) 11702(2) 11937(2) 12950(2) 13058(2) 13635(2) 13725(2) 15136(2) 15610(2) 15948(1) 16366(2) 16845(2) 16850(1) 16980(2) 18007(1) 18311(1) 18890(2) 18910(2) 18991(2) 19115(1) 19220(2) 19249(2) 20021(2) 20476(2) 20654(2) 20664(2) 20895(2) 21129(2) 21219(2)
8829;32;25;57;422(2) 593(2) 640(1) 771(2) 2175(1) 2332(1) 2495(1) 3413(2) 3414(1) 4815(1) 4832(1) 5178(2) 5179(1) 5180(2) 5441(1) 5458(2) 5469(1) 5512(1) 5531(2) 5553(2) 5793(2) 6248(1) 7266(2) 7288(1) 7417(2) 8618(1) 8834(1) 9278(2) 9566(2) 9690(2) 9824(1) 11362(2) 11555(1) 12102(1) 12497(1) 12523(1) 12524(2) 12697(1) 13066(2) 13083(1) 13343(1) 13601(2) 13887(1) 15008(2) 15689(2) 16167(2) 16181(1) 16522(1) 16590(1) 16925(2) 17520(1) 17733(1) 18542(2) 19177(1) 19848(1) 20114(2) 20926(1)
7790;3;53;56;347(2) 418(2) 1453(2) 1575(2) 1839(2) 2733(2) 3142(2) 4564(2) 5402(2) 5867(2) 6472(2) 6985(2) 7410(2) 7413(2) 7414(2) 7415(2) 7469(2) 7732(2) 7943(2) 8470(2) 8546(2) 8547(2) 8548(2) 8793(2) 9550(2) 9579(2) 9863(2) 10282(2) 10564(2) 10918(2) 10962(2) 11240(2) 11598(2) 11701(2) 11851(1) 12283(2) 12775(2) 13826(2) 13829(1) 14031(2) 14032(2) 14341(2) 14954(1) 15162(2) 15165(2) 15167(2) 15836(2) 15929(2) 16058(2) 16874(2) 18062(2) 18938(2) 19635(2) 20942(2) 20943(2) 20945(2)
3249;2;54;56;1(2) 3(2) 11(1) 13(2) 17(2) 19(2) 21(2) 22(2) 27(2) 30(2) 31(2) 32(2) 35(2) 40(2) 42(2) 43(2) 45(2) 48(2) 50(2) 51(2) 52(2) 53(2) 54(2) 56(2) 58(2) 65(2) 69(2) 70(2) 71(2) 72(2) 73(2) 75(2) 3379(2) 3391(2) 5250(1) 6135(2) 10097(2) 10304(2) 10885(2) 11682(2) 11863(2) 12583(2) 13645(2) 13847(2) 14131(2) 14144(2) 14246(2) 14851(2) 15573(2) 15904(2) 16324(2) 16375(2) 16910(2) 17866(2) 19115(2) 20184(2)
43487;28;28;56;122(2) 373(2) 1087(2) 1638(2) 1681(2) 2630(2) 2797(1) 3533(2) 3855(1) 3978(1) 4618(1) 4676(1) 4869(2) 5487(2) 5488(1) 5497(1) 6575(2) 6673(1) 7351(1) 8297(2) 8383(1) 8662(1) 8979(1) 9285(1) 9507(2) 9637(2) 9669(2) 9851(1) 9922(2) 10407(2) 12145(1) 12272(2) 12415(2) 12417(1) 12602(2) 13103(1) 13166(2) 13529(1) 13669(2) 13949(1) 15135(2) 15147(2) 15922(1) 15948(1) 16545(1) 16710(1) 17414(1) 17737(2) 18007(1) 18871(2) 19106(2) 19115(1) 19634(2) 20087(1) 20104(1) 20783(2)
17620;18;38;56;181(2) 568(2) 895(1) 1869(2) 1883(2) 1951(2) 1985(2) 2248(1) 3110(2) 3652(1) 3845(2) 4122(1) 5247(2) 5807(2) 5970(2) 6031(1) 6278(2) 6292(2) 7070(2) 7084(2) 7480(2) 8068(2) 8304(2) 8426(1) 9537(2) 9944(1) 10185(1) 10872(1) 11431(1) 11602(2) 11629(1) 11725(2) 11794(2) 11940(2) 12231(1) 12556(2) 13371(2) 13450(1) 13776(2) 14650(2) 15047(2) 15328(2) 15640(2) 15870(1) 16002(2) 16056(2) 18132(2) 18384(2) 18560(2) 19078(1) 19122(1) 19420(2) 19660(1) 19681(2) 20518(2) 20557(1)
2833;3;53;56;555(2) 603(2) 655(2) 858(2) 1665(2) 1670(2) 1837(2) 2166(2) 2268(2) 2396(2) 2810(2) 3342(2) 3589(2) 3987(2) 4022(2) 4775(2) 4783(2) 4955(2) 5561(2) 5731(2) 5732(2) 5850(2) 6719(2) 7123(2) 7508(2) 7598(2) 8237(2) 9589(2) 10429(2) 10774(2) 11245(2) 11252(2) 11896(2) 12193(2) 12445(2) 12697(1) 13089(2) 13114(2) 14340(2) 14505(2) 15100(2) 15588(2) 16227(2) 16299(2) 16522(1) 18248(2) 18663(2) 18979(2) 19775(1) 19782(2) 19783(2) 19785(2) 20529(2) 20531(2) 21087(2) 21094(2)
24418;21;35;56;2518(2) 2592(2) 2730(2) 3828(2) 4152(2) 4499(1) 5339(2) 5362(2) 5689(1) 6546(1) 7144(1) 7397(2) 7642(2) 7932(2) 8861(2) 8909(2) 9031(2) 9319(2) 9790(2) 9904(2) 9988(1) 11145(1) 11157(2) 12141(1) 12432(2) 12494(2) 12780(2) 13292(1) 13385(1) 13430(1) 13577(2) 13673(1) 14349(2) 14912(2) 15051(2) 15552(2) 15957(1) 16310(1) 16346(1) 16358(1) 16538(1) 16631(2) 16788(2) 16809(1) 16813(2) 16814(2) 17583(1) 18272(2) 18828(2) 19148(2) 19585(1) 19586(1) 20159(2) 20514(2) 20750(2) 21066(1)
15190;25;31;56;401(2) 979(1) 1183(2) 1200(2) 2839(2) 2879(1) 2917(2) 3259(2) 3456(2) 3463(2) 4080(1) 4418(2) 4618(1) 4859(2) 4993(2) 5102(1) 5250(1) 5478(1) 6102(2) 6599(1) 6773(1) 7453(2) 7854(1) 8426(1) 8805(1) 9220(2) 9435(1) 9779(1) 9865(1) 10276(1) 10293(2) 10552(2) 11209(2) 11287(1) 11334(2) 12536(2) 13033(1) 13074(2) 13502(2) 13775(2) 13854(2) 14028(2) 15402(2) 15602(2) 15870(1) 15922(1) 15948(1) 15969(1) 16016(2) 16396(2) 17940(2) 18014(2) 19115(1) 20512(1) 20764(2) 20846(1)
62193;28;28;56;401(1) 607(1) 1132(2) 2394(2) 2415(1) 2734(1) 3066(1) 3429(1) 4537(1) 4618(1) 5026(2) 5623(2) 6673(1) 7802(2) 8161(2) 8490(2) 9789(1) 9965(1) 10089(2) 10248(2) 10347(2) 10447(2) 10513(2) 10561(1) 10604(2) 11011(1) 11058(2) 11294(1) 11515(1) 11576(2) 12272(1) 13033(1) 13473(2) 13529(1) 13680(2) 13794(1) 14479(1) 14838(2) 15216(2) 15293(2) 15389(1) 15948(1) 17081(2) 18007(1) 18476(2) 18579(1) 18835(2) 18875(1) 18936(1) 19024(2) 19067(2) 19115(1) 19392(1) 19413(2) 20356(2) 20575(2)
11342;21;34;55;237(2) 1124(2) 1593(2) 1644(2) 1802(2) 1830(2) 2031(2) 2546(2) 2623(2) 2700(2) 2724(1) 3752(2) 4069(2) 4308(2) 4500(1) 4533(1) 5068(1) 5681(1) 5733(2) 6086(2) 6340(2) 6790(2) 7128(2) 7294(2) 7621(1) 7976(2) 8157(2) 8622(2) 9949(1) 9987(1) 9995(2) 10192(1) 10475(1) 10691(1) 11173(1) 12101(2) 12888(1) 12905(1) 12968(2) 13664(2) 13872(1) 14135(1) 14275(2) 14961(2) 16593(1) 17430(2) 17901(2) 18966(2) 19400(2) 19711(1) 19712(2) 19819(2) 20157(1) 20302(1) 20381(1)
8006;11;44;55;528(2) 879(2) 880(2) 922(2) 1005(2) 1083(2) 1518(2) 1991(2) 2336(2) 2879(2) 3101(2) 3758(2) 4618(1) 5102(1) 5250(1) 6673(2) 6766(2) 6980(1) 7066(2) 7516(2) 9435(2) 9965(2) 9972(2) 10224(2) 10249(2) 10270(2) 10276(2) 10312(2) 10534(2) 11172(2) 11280(2) 11394(2) 11893(2) 12550(2) 14360(2) 14381(2) 15012(1) 15453(1) 15533(2) 15728(2) 15948(1) 16102(2) 17372(2) 17540(2) 17874(2) 19115(1) 19250(2) 19258(2) 19260(2) 19466(2) 20055(1) 20120(2) 20512(1) 20668(2) 20847(1)
6435;26;29;55;96(1) 232(1) 242(2) 332(1) 605(2) 794(1) 933(2) 1233(1) 1318(1) 1894(1) 2077(2) 2197(2) 2199(1) 2415(1) 3337(2) 3567(1) 3941(2) 4389(2) 4390(2) 4618(1) 4701(2) 4745(2) 5681(1) 6022(1) 6664(2) 7687(1) 8251(2) 9383(1) 10049(2) 11342(1) 11885(2) 12403(2) 12798(2) 15254(2) 15656(1) 15962(1) 17526(2) 17884(2) 17885(2) 18658(2) 18676(1) 18702(1) 19178(1) 19235(1) 19712(1) 19713(2) 19714(2) 19755(1) 20213(2) 20525(2) 20540(2) 20958(2) 21002(1) 21022(2) 21256(1)
15528;22;33;55;2(2) 3(1) 9(2) 11(1) 19(1) 20(2) 21(1) 29(2) 36(2) 37(2) 41(2) 43(1) 46(2) 47(2) 57(2) 63(2) 1193(1) 2724(2) 3391(1) 4676(1) 5394(2) 6962(1) 8035(1) 8991(1) 9531(2) 10142(2) 10187(2) 10396(2) 10701(2) 10703(2) 10739(2) 11119(2) 11830(2) 11863(1) 12250(2) 12797(2) 12933(2) 13529(1) 13689(2) 13738(1) 13813(2) 13847(1) 14052(2) 15518(1) 16375(1) 16699(1) 16704(2) 17054(1) 18007(1) 18089(2) 18678(2) 18679(2) 19115(1) 19242(1) 20680(2)
102;10;44;54;323(2) 682(2) 991(2) 1137(2) 1253(2) 1520(2) 1551(1) 1731(2) 2356(2) 2467(2) 2508(2) 3278(1) 3639(2) 4250(2) 4593(1) 4633(2) 4766(2) 5183(2) 6182(2) 6229(2) 6230(2) 6289(2) 6291(2) 6319(2) 6841(2) 6873(1) 8279(2) 8444(2) 8510(2) 9259(2) 9345(2) 10360(2) 10531(2) 10652(2) 11304(2) 11963(2) 12242(2) 12259(1) 12461(2) 12907(1) 13504(2) 14174(2) 15649(2) 15671(1) 15948(1) 16943(1) 17130(2) 17147(2) 17730(2) 20816(2) 20820(1) 20832(2) 20836(2) 21044(2)
45007;18;36;54;980(2) 1344(2) 1367(2) 1391(2) 1448(1) 1449(2) 1455(2) 3192(2) 3553(1) 3554(2) 4833(2) 5434(2) 5565(2) 6045(1) 6131(1) 6285(2) 6694(2) 7896(1) 8102(1) 9788(1) 10551(1) 10623(2) 10636(1) 10644(2) 10801(1) 11285(1) 11669(2) 11727(1) 11810(2) 11880(2) 12375(2) 12726(2) 13033(1) 15948(1) 16150(1) 16564(2) 16893(1) 16914(2) 17089(2) 17096(2) 17177(2) 17545(2) 17602(2) 17833(2) 17847(2) 18226(2) 19107(2) 19160(1) 19170(2) 19418(2) 19419(2) 19799(2) 19800(2) 19882(1)
2728;4;50;54;135(2) 634(2) 1073(2) 1372(2) 2299(2) 2434(2) 2439(2) 2650(2) 3416(2) 3897(2) 5737(2) 6673(1) 7087(2) 7089(2) 7386(2) 7472(2) 7478(2) 7965(2) 8888(2) 9200(1) 9529(2) 9632(2) 10127(2) 10832(2) 10833(2) 11515(2) 11516(2) 11517(2) 12426(2) 13747(2) 14833(2) 14871(2) 14873(2) 14874(2) 14893(2) 14951(2) 15245(2) 15260(2) 15659(2) 16353(2) 16354(2) 16356(2) 16373(2) 17302(1) 17434(2) 18214(2) 18216(2) 18346(2) 19061(2) 19115(1) 19126(2) 19127(2) 19518(2) 20952(2)
4;5;49;54;356(2) 7356(2) 16911(2) 16968(2) 16996(2) 17010(2) 17051(2) 17063(1) 17066(2) 17132(2) 17171(2) 17277(2) 17309(2) 17310(2) 17335(2) 17371(1) 17477(2) 17565(2) 17653(2) 17681(2) 17726(2) 17839(2) 17846(2) 17880(2) 17910(2) 17936(2) 18016(2) 18080(2) 18158(2) 18160(2) 18184(2) 18224(2) 18425(2) 18511(2) 18537(2) 18556(2) 18586(1) 18661(2) 18796(2) 18864(2) 18992(2) 19202(2) 19278(2) 19692(2) 19694(1) 20027(2) 20164(2) 20257(2) 20373(2) 20520(2) 20758(2) 20830(2) 20923(2) 20933(1)
2830;12;42;54;387(2) 534(2) 1807(2) 2567(2) 2756(2) 3016(2) 4243(2) 4313(2) 4813(1) 4918(2) 4985(2) 5316(1) 6376(2) 6817(2) 7766(1) 8089(2) 8229(2) 8239(2) 8723(2) 9272(2) 9281(2) 9578(2) 9756(2) 10510(2) 10689(1) 10845(1) 10849(2) 10872(1) 12002(1) 12716(2) 12717(2) 13880(2) 14334(1) 14377(2) 14389(1) 14402(1) 14438(2) 14567(1) 14824(2) 15350(2) 15761(1) 15827(2) 16043(2) 16389(2) 16818(2) 17314(2) 17657(2) 17794(2) 19078(2) 19532(2) 19612(2) 20053(2) 21001(2) 21023(2)
12300;27;27;54;287(2) 479(1) 550(1) 629(1) 864(2) 1146(1) 1231(2) 1379(1) 2239(2) 2248(1) 2279(1) 2826(2) 3273(2) 3325(2) 3857(2) 3922(2) 4071(1) 4084(2) 4283(1) 4284(1) 4578(2) 4580(1) 4607(2) 4909(2) 5790(1) 6022(1) 6077(1) 7435(2) 7603(2) 8916(1) 8996(2) 9187(1) 9492(1) 10250(1) 11283(1) 12302(2) 12559(1) 12578(1) 12669(1) 12673(1) 13703(2) 13889(2) 13954(2) 14546(2) 14911(1) 15267(2) 16488(2) 18620(2) 18778(2) 18975(1) 19080(1) 19112(1) 19732(2) 20299(2)
163;1;52;53;1943(2) 2260(2) 2289(2) 2660(2) 2962(2) 3722(2) 3783(2) 3861(2) 3914(2) 4813(2) 5275(2) 5783(2) 5798(2) 6189(2) 7016(2) 7295(2) 7457(2) 8215(2) 8736(2) 9350(2) 9398(2) 9467(2) 9552(2) 9605(2) 10845(2) 11912(2) 13932(2) 14257(2) 16896(2) 16981(2) 17014(2) 17119(2) 17203(2) 17263(2) 17282(2) 17285(2) 17398(2) 17418(2) 17591(2) 17597(2) 17635(2) 17664(2) 17826(2) 17858(2) 17928(2) 18106(1) 18123(2) 18133(2) 18300(2) 18600(2) 21115(2) 21253(2) 21269(2)
2097;2;51;53;573(2) 1318(1) 1375(2) 1376(2) 1381(2) 1384(2) 2296(2) 2297(2) 3566(2) 3576(2) 4158(2) 4177(2) 4618(1) 5188(2) 5192(2) 5193(2) 5194(2) 5676(2) 6596(2) 7021(2) 7270(2) 7557(2) 8282(2) 8845(2) 9047(2) 9196(2) 9201(2) 9311(2) 9553(2) 9573(2) 10370(2) 10632(2) 11268(2) 13345(2) 13347(2) 13349(2) 14153(2) 17100(2) 17228(2) 17547(2) 17675(2) 17690(2) 17701(2) 17703(2) 17828(2) 18555(2) 19110(2) 19111(2) 19850(2) 19859(2) 19861(2) 19864(2) 19869(2)
7962;26;27;53;108(1) 214(1) 906(2) 1539(1) 2559(2) 2678(1) 3193(1) 3990(2) 4129(1) 4677(2) 5906(2) 6504(2) 6884(1) 6935(2) 7083(2) 7207(2) 7259(1) 7344(2) 7949(2) 7997(2) 8731(1) 9184(2) 9287(1) 9949(1) 9955(2) 10365(1) 10528(1) 10934(1) 11044(2) 11090(2) 11186(1) 12005(2) 12145(1) 12893(2) 12977(2) 13370(1) 13401(2) 13417(1) 14150(1) 15292(2) 15619(1) 15846(1) 15922(1) 15948(1) 16105(2) 16512(2) 17085(2) 18635(2) 19442(1) 19596(2) 19968(2) 20846(1) 20847(1)
203;0;53;53;158(2) 799(2) 1397(2) 1408(2) 1559(2) 2381(2) 3415(2) 3442(2) 4570(2) 4649(2) 5408(2) 5511(2) 6268(2) 6676(2) 6678(2) 6828(2) 6845(2) 7017(2) 7076(2) 7184(2) 7185(2) 7379(2) 7610(2) 7672(2) 8605(2) 8987(2) 9251(2) 9401(2) 9749(2) 9766(2) 9895(2) 10233(2) 10498(2) 12188(2) 12519(2) 12564(2) 13671(2) 13892(2) 14578(2) 14631(2) 14828(2) 14835(2) 16028(2) 16151(2) 16195(2) 16459(2) 16803(2) 17254(2) 17391(2) 18067(2) 18550(2) 18961(2) 20938(2)
10952;27;26;53;176(2) 627(2) 1633(1) 1838(1) 2036(1) 2644(2) 2931(1) 3279(1) 3787(1) 3863(2) 3875(1) 4404(1) 5202(1) 5730(2) 6519(2) 7157(1) 7431(2) 7759(1) 7969(2) 8017(1) 8837(2) 9335(2) 9686(1) 9709(1) 9711(2) 9771(2) 10413(2) 11422(2) 11575(1) 11849(1) 11964(1) 12073(1) 12332(1) 12391(1) 13303(2) 13425(1) 13701(2) 14088(2) 14239(2) 14622(1) 14914(2) 15180(2) 15242(2) 15414(1) 16050(2) 16306(2) 16640(2) 17137(1) 17145(2) 18596(1) 19544(1) 19621(2) 20047(1)
35057;29;24;53;535(2) 550(1) 629(1) 1146(1) 1379(1) 1401(1) 2033(1) 2325(2) 2442(2) 2539(2) 3282(1) 4082(2) 4124(1) 4232(2) 4532(1) 4537(1) 5090(1) 5436(1) 5578(2) 5884(2) 5892(2) 6022(1) 6054(1) 6322(2) 7452(1) 7523(1) 8677(1) 8916(2) 9300(1) 9546(2) 10581(1) 11453(2) 11829(2) 12493(2) 12673(1) 12998(2) 13370(1) 15232(1) 15565(2) 16015(1) 16650(2) 17502(1) 17996(1) 18222(1) 18261(2) 18595(2) 19112(1) 19590(2) 19749(2) 19904(2) 20546(1) 20571(1) 20576(2)
31367;18;35;53;132(2) 647(2) 1191(2) 1436(2) 1702(1) 1941(2) 2122(2) 2873(1) 4418(1) 4426(2) 4432(2) 4502(2) 4537(1) 4579(2) 5895(1) 6063(2) 6735(1) 7430(2) 7474(2) 7673(1) 7801(2) 8029(1) 8039(2) 8048(2) 8195(2) 8265(1) 8274(2) 8609(1) 8988(2) 9126(2) 9155(1) 9300(1) 9461(2) 9745(2) 10797(2) 11203(1) 12003(2) 12842(2) 12938(1) 13127(1) 14646(1) 14820(2) 15494(2) 15513(2) 16580(2) 18127(2) 18469(1) 18475(2) 19392(1) 20328(2) 20351(2) 20552(2) 20809(2)
98;0;52;52;406(2) 412(2) 800(2) 857(2) 1077(2) 1262(2) 1332(2) 1780(2) 3177(2) 3583(2) 3734(2) 4052(2) 4524(2) 5465(2) 5549(2) 6283(2) 6624(2) 6712(2) 7839(2) 8197(2) 8749(2) 8889(2) 8954(2) 10016(2) 10135(2) 10165(2) 10409(2) 11978(2) 12355(2) 12409(2) 12466(2) 13090(2) 13357(2) 13376(2) 13491(2) 13774(2) 13806(2) 13988(2) 14801(2) 15027(2) 15408(2) 16053(2) 16566(2) 16622(2) 17058(2) 18182(2) 18880(2) 19309(2) 19642(2) 20084(2) 20659(2) 20741(2)
18400;16;36;52;794(1) 914(2) 1233(1) 1741(2) 2415(1) 3044(1) 3912(2) 3944(2) 4092(2) 7072(2) 7314(2) 8206(2) 8689(2) 8692(2) 9368(1) 9799(1) 9950(2) 10440(2) 10484(2) 11367(2) 11447(2) 11818(2) 11977(1) 12181(2) 12412(2) 12489(2) 13023(1) 13767(2) 13810(2) 14468(1) 14572(2) 15031(2) 15538(1) 15628(2) 15630(2) 15635(2) 15962(1) 16470(1) 17257(1) 18237(2) 18379(1) 19074(1) 19330(2) 19331(2) 19383(2) 19471(1) 19533(2) 19748(2) 20048(2) 20201(2) 20876(2) 20998(2)
23937;24;28;52;20(1) 64(1) 1193(1) 1845(1) 2382(2) 2557(1) 2630(1) 3989(2) 4105(2) 4676(1) 4802(2) 4821(1) 5504(1) 5613(2) 6903(2) 7019(2) 7069(2) 8712(2) 9637(1) 10161(1) 10181(1) 11316(2) 11504(2) 11826(1) 12206(1) 12261(2) 13103(1) 13426(2) 13529(1) 13799(2) 13942(2) 15139(2) 15438(1) 15477(2) 16428(2) 16545(1) 16710(1) 17334(2) 18007(1) 18190(2) 18239(1) 18629(1) 18717(2) 19211(1) 19416(2) 19708(2) 19767(2) 19889(2) 20104(2) 20286(2) 20912(2) 20954(1)
30659;31;21;52;112(1) 235(1) 328(2) 1233(1) 1635(1) 1741(1) 2248(1) 2312(1) 2415(1) 2741(2) 3035(2) 3044(1) 3508(2) 3735(2) 4176(1) 4537(1) 4618(1) 5163(1) 5786(2) 6022(1) 6302(2) 6754(2) 6761(1) 8002(1) 8414(1) 8426(1) 9037(1) 10250(1) 11086(2) 11713(1) 12476(2) 12673(1) 12816(2) 13439(1) 14029(2) 15865(2) 15870(1) 15962(1) 16583(2) 17405(2) 17599(2) 17734(2) 18002(2) 18134(1) 18142(2) 18164(1) 18441(2) 18840(1) 19074(1) 19112(1) 19733(2) 20300(1)
13946;21;30;51;944(1) 3534(2) 4763(2) 4962(2) 5678(2) 5802(2) 6026(2) 6084(2) 6228(2) 6276(2) 8478(2) 8565(1) 9485(2) 9954(1) 10202(2) 10344(1) 10461(1) 10717(2) 10826(1) 10854(1) 10942(2) 11202(2) 11664(2) 11748(1) 11911(2) 11914(1) 12141(1) 12358(2) 13256(1) 13341(2) 13385(1) 13731(2) 14142(1) 14194(2) 15183(1) 15551(1) 15650(1) 15736(1) 15742(2) 16027(2) 16222(2) 16223(2) 16254(1) 16808(1) 16809(1) 18648(2) 18898(2) 19989(2) 19990(2) 20545(2) 21043(1)
8718;9;42;51;719(2) 2734(2) 3066(2) 3143(1) 4088(2) 4676(2) 5497(1) 5785(2) 7311(2) 7330(1) 8383(1) 8670(2) 9675(2) 10030(2) 11377(2) 11998(2) 12076(1) 12521(2) 12582(2) 12721(2) 12769(2) 12886(2) 12899(2) 13529(1) 13989(2) 14070(2) 14479(2) 14789(2) 14832(2) 14902(2) 16193(2) 16238(2) 16295(2) 17897(2) 18007(1) 18258(2) 18740(2) 18765(2) 19025(2) 19115(1) 19452(2) 19454(2) 19604(1) 20424(2) 20435(2) 20444(2) 20626(2) 20696(2) 20700(2) 20701(2) 20769(2)
11585;23;28;51;506(2) 794(1) 806(2) 894(2) 2025(2) 2248(1) 2393(1) 2415(1) 3922(1) 3963(2) 4162(2) 4252(1) 4756(2) 4854(2) 5014(1) 6075(2) 6203(2) 6232(2) 6605(1) 6761(1) 7424(2) 7563(1) 7599(2) 8426(1) 9508(2) 10139(1) 10250(1) 10528(2) 10828(2) 10980(2) 11397(2) 11486(2) 11596(2) 11836(2) 12293(1) 12440(1) 13160(2) 13783(2) 15832(1) 15870(1) 16292(2) 17005(2) 19081(2) 19318(1) 19840(1) 20061(2) 20186(2) 20512(1) 20846(1) 20847(1) 20944(1)
6389;9;42;51;947(2) 1607(2) 1687(1) 1702(2) 1970(2) 1988(2) 2873(2) 2941(2) 2943(2) 3108(2) 3656(2) 3674(2) 4537(2) 4576(1) 4668(2) 4688(2) 4879(2) 5172(2) 5895(1) 6946(2) 7171(2) 7377(2) 7767(2) 8493(2) 8621(1) 8665(2) 8693(2) 8882(2) 9488(2) 9633(1) 11241(2) 11660(1) 11719(2) 12216(2) 12847(2) 12997(2) 13745(1) 14593(2) 14606(2) 14953(2) 15298(1) 16757(2) 17780(1) 18212(2) 18279(2) 18285(2) 18674(2) 18697(2) 18764(2) 20322(2) 20550(2)
25523;21;30;51;302(2) 1048(2) 1283(2) 2153(1) 2216(2) 2435(1) 2471(1) 2633(2) 2853(1) 3047(2) 4080(1) 4458(1) 4689(2) 5048(2) 5102(1) 5250(1) 5494(2) 5650(2) 6490(2) 6773(1) 7287(2) 7854(1) 7893(1) 8134(1) 8503(2) 9472(2) 9640(2) 9925(2) 10034(2) 14794(1) 14970(2) 15518(1) 15702(1) 15782(2) 15867(2) 15901(2) 15948(1) 16010(1) 16515(2) 16695(2) 17859(1) 18349(2) 18579(2) 19115(1) 19455(1) 19698(2) 20512(1) 20718(2) 20770(2) 20771(2) 21238(2)
19912;33;18;51;232(1) 235(1) 281(2) 467(1) 777(1) 1318(1) 1422(2) 1712(2) 2415(1) 3044(1) 3971(1) 4618(1) 6022(1) 6083(1) 6279(1) 6413(2) 8002(1) 8353(2) 9110(1) 9383(1) 9410(2) 10234(1) 10467(1) 10759(2) 10982(1) 11005(2) 11355(1) 11487(1) 12292(1) 12917(2) 13068(2) 13449(2) 17190(2) 17464(1) 17922(1) 18112(2) 18450(1) 18792(2) 18921(2) 19074(1) 19112(1) 19355(1) 19357(1) 19712(1) 20138(1) 20209(2) 20212(2) 20221(1) 20315(1) 20340(2) 20379(1)
45694;20;31;51;209(2) 560(2) 570(2) 3103(2) 4202(1) 4459(2) 6065(1) 6573(1) 7180(2) 7390(2) 7702(2) 8047(1) 8100(1) 8363(2) 9370(2) 9786(2) 10458(2) 10675(2) 10702(2) 10716(2) 11068(2) 11197(1) 11656(2) 11671(2) 11843(1) 12141(1) 12359(2) 12517(2) 12883(1) 12963(2) 13851(1) 14007(1) 14043(2) 14051(1) 14518(1) 14545(2) 15393(1) 15598(2) 15658(2) 15897(2) 15957(1) 16092(1) 16109(2) 16207(2) 16326(1) 16750(1) 17390(1) 18831(2) 20748(1) 21102(2) 21104(2)
97;13;37;50;232(2) 255(2) 300(2) 332(2) 1318(2) 2030(2) 2415(1) 3091(2) 4108(2) 4618(2) 4793(2) 5008(1) 5398(2) 5681(2) 6577(1) 6589(2) 7687(2) 7899(2) 7993(2) 8093(1) 8166(2) 8243(1) 8840(1) 9161(1) 9362(2) 9383(2) 9716(1) 9801(2) 9837(2) 9868(2) 9869(1) 9875(2) 10050(2) 10953(2) 11355(2) 11878(1) 12161(2) 13299(1) 16518(1) 17995(2) 18366(2) 18857(2) 19234(2) 19235(2) 20479(2) 20744(1) 20995(2) 20997(2) 21002(2) 21005(2)
14460;12;38;50;1046(2) 1423(2) 1844(2) 2210(2) 2696(2) 3357(2) 3749(2) 4002(2) 4565(2) 4982(2) 5030(2) 5364(1) 6054(2) 6170(2) 6171(2) 6819(2) 7268(1) 8115(1) 8466(2) 9035(1) 9036(1) 10044(1) 11737(2) 12055(2) 12285(2) 12473(2) 13370(1) 13705(2) 13778(1) 14663(2) 15297(2) 15633(1) 16235(2) 16509(1) 17269(2) 18098(2) 18206(2) 18900(2) 19559(1) 19560(2) 19603(2) 19624(2) 19628(2) 20537(2) 20538(2) 20539(2) 20541(2) 20546(1) 20793(2) 21133(2)
20668;10;40;50;1182(2) 2895(2) 3135(2) 3279(1) 3316(2) 3925(2) 4757(2) 5126(2) 5760(2) 6264(2) 6388(2) 6740(2) 6853(2) 6917(2) 7037(2) 7204(2) 7500(2) 7683(2) 7698(2) 7701(2) 7704(2) 7729(1) 8530(2) 8531(1) 8707(2) 8708(2) 8710(2) 8711(2) 9767(2) 10874(2) 11849(1) 12210(2) 12394(2) 13181(1) 13421(1) 13496(1) 13925(1) 13936(2) 14253(2) 14351(2) 14536(2) 14571(1) 14591(2) 15243(2) 15392(2) 15968(2) 16216(2) 16857(2) 16928(1) 18973(2)
43549;21;29;50;230(1) 1106(2) 2070(2) 2075(1) 2570(2) 2797(2) 3408(2) 3630(2) 3855(1) 3978(1) 4040(2) 4640(2) 5302(2) 5488(1) 5493(2) 5497(1) 5996(1) 6447(2) 6923(1) 7383(1) 8662(2) 10160(2) 10198(2) 11174(2) 11444(2) 11693(1) 12000(1) 12062(2) 13021(1) 13529(1) 13574(1) 13843(2) 14840(2) 15675(2) 15948(1) 16210(2) 16724(2) 16983(2) 17222(2) 18007(1) 18154(2) 18591(2) 19115(1) 19758(2) 20101(2) 20104(1) 20105(1) 20474(2) 20846(1) 20847(1)
1197;18;31;49;92(2) 127(2) 611(2) 841(1) 1109(1) 1714(1) 2064(2) 2141(2) 2324(2) 2541(2) 3162(1) 3278(1) 4593(1) 4654(2) 4764(2) 4766(1) 5344(2) 5948(2) 6126(2) 6529(2) 6873(1) 8063(2) 8202(2) 8436(2) 8800(2) 8947(1) 9287(1) 9299(2) 9833(2) 10279(2) 11870(1) 13727(2) 14008(2) 14159(2) 14175(1) 14326(1) 14332(2) 14661(2) 15028(2) 15816(1) 15948(1) 15978(2) 16438(1) 17057(2) 17983(2) 18564(2) 20818(1) 20819(2) 20846(1)
8577;21;28;49;258(2) 784(1) 1196(1) 1949(2) 2074(2) 2084(2) 3513(2) 3715(2) 3759(2) 4021(1) 4234(2) 4244(2) 4559(2) 5681(1) 5702(2) 5990(1) 6184(2) 6274(2) 6849(1) 7081(2) 7169(1) 7448(2) 8261(2) 8426(1) 8532(2) 8650(2) 9899(2) 9949(1) 10491(1) 10748(2) 10872(1) 11584(2) 11629(1) 11953(2) 12636(1) 12856(2) 14135(1) 14352(2) 14463(2) 14681(1) 15507(1) 15870(1) 16141(1) 16593(1) 16603(1) 17178(2) 18084(1) 19609(2) 20604(2)
3727;23;26;49;881(2) 930(2) 992(2) 1437(2) 1539(1) 2237(1) 3333(2) 3540(2) 5033(2) 5606(2) 6884(1) 7194(2) 8448(2) 8789(1) 9287(1) 9779(1) 9949(1) 10038(2) 10131(1) 10606(2) 10745(2) 10913(2) 11727(1) 12091(2) 12943(1) 13784(2) 13911(2) 14010(2) 14077(2) 14212(2) 14291(2) 14432(1) 14599(1) 14623(1) 14936(1) 15618(2) 15922(1) 15942(1) 15948(1) 16277(2) 16297(1) 16438(1) 16475(2) 20280(2) 20494(2) 20846(1) 20847(1) 21123(1) 21178(1)
13495;15;34;49;2295(2) 2696(1) 4093(2) 4229(2) 6331(1) 6779(2) 7078(2) 7624(1) 7773(2) 8056(2) 8551(1) 9782(2) 10596(2) 11033(2) 12177(1) 12975(2) 13178(2) 13241(1) 13290(2) 13589(2) 13683(2) 13698(2) 14091(2) 14128(1) 14191(2) 14308(2) 14424(1) 14481(2) 15221(2) 16047(1) 16274(1) 16391(2) 16630(2) 17088(2) 17267(2) 17622(1) 17787(2) 18068(2) 18461(1) 18654(2) 18844(2) 18932(1) 18942(2) 19099(2) 19568(2) 19628(1) 19721(1) 19913(2) 20249(2)
39983;25;24;49;872(2) 1134(2) 3155(1) 4499(2) 4996(2) 5689(1) 6336(1) 6346(2) 6998(2) 8745(2) 9581(2) 9954(1) 10031(1) 11145(1) 11311(1) 11442(2) 11843(1) 12141(1) 12186(2) 12189(1) 13292(1) 13430(1) 13851(2) 14268(2) 14431(2) 14491(1) 14577(2) 15024(2) 15492(2) 15509(1) 15598(1) 15957(1) 15961(2) 16017(1) 16157(2) 16310(1) 16736(1) 16788(1) 16809(1) 16814(1) 17865(2) 18149(2) 18648(1) 19583(1) 20097(2) 20748(1) 21049(2) 21066(2) 21081(2)
17041;19;30;49;413(2) 794(1) 1432(1) 1917(2) 1925(2) 2248(1) 2512(2) 2713(1) 2758(2) 2967(2) 3430(2) 4014(2) 4362(2) 5656(2) 5944(2) 6152(1) 7022(2) 7167(2) 8068(1) 8117(2) 8304(1) 8422(1) 8426(1) 8725(1) 9001(2) 9157(2) 9185(2) 9383(1) 9810(1) 9811(2) 10326(1) 11431(1) 11477(2) 11629(1) 12049(2) 12231(2) 12237(2) 12560(2) 12810(2) 13031(2) 15760(2) 15870(1) 16347(2) 18208(2) 19122(1) 19311(2) 19660(1) 20518(1) 21252(2)
14365;30;19;49;553(1) 1146(1) 3044(1) 3490(2) 3607(1) 3725(1) 3859(2) 4111(2) 4588(1) 4611(1) 4851(1) 4853(2) 5885(2) 5955(2) 6137(1) 7331(2) 8426(1) 9907(2) 9949(1) 9968(1) 10371(1) 10643(1) 11083(1) 11123(2) 11141(1) 11230(1) 11776(1) 11822(1) 12293(1) 12467(2) 13033(1) 13139(2) 13469(2) 13606(2) 14368(2) 15060(2) 15355(1) 15676(2) 15870(1) 16135(1) 16467(2) 16481(1) 16524(1) 16623(1) 20338(2) 20382(1) 20846(1) 20847(1) 21205(2)
9908;15;33;48;435(2) 1320(2) 1382(2) 1448(1) 1466(2) 1472(2) 1870(2) 2234(2) 3194(2) 3204(2) 3930(2) 5445(2) 6045(2) 6131(1) 7835(1) 8102(1) 8495(2) 8686(2) 8880(2) 8967(2) 9779(1) 10391(2) 10551(1) 10611(1) 10633(2) 10805(2) 11285(1) 11727(1) 11789(2) 13033(1) 13137(2) 13693(2) 13718(2) 15948(1) 16361(2) 16569(2) 16659(2) 16893(1) 16898(1) 16899(2) 16954(2) 17083(1) 17170(2) 17388(2) 17443(2) 18462(2) 18892(2) 19115(1)
17175;20;28;48;416(2) 1196(1) 1990(2) 2805(2) 2940(2) 4586(2) 4700(2) 4734(1) 4861(1) 5091(2) 5454(2) 5681(1) 5768(2) 6155(2) 7032(2) 7124(2) 7169(1) 7574(2) 8138(2) 8411(1) 8426(1) 8498(2) 9309(1) 11185(1) 11629(1) 11834(2) 11916(1) 12475(2) 12892(2) 13029(1) 13108(2) 13865(2) 13935(2) 13955(2) 14352(1) 14681(1) 14741(2) 15507(1) 15870(1) 15878(2) 16548(1) 16627(1) 17955(2) 18306(2) 18504(1) 19333(1) 21189(2) 21271(2)
3996;15;33;48;2167(2) 2332(1) 3342(1) 3589(1) 3809(2) 4022(1) 4030(2) 4990(2) 4994(2) 5294(2) 5441(2) 5512(2) 5561(1) 6523(2) 7326(2) 7507(2) 7572(2) 11555(1) 11896(1) 11969(2) 12102(1) 12141(1) 12497(1) 12610(2) 12697(1) 13091(2) 13092(2) 13600(2) 14064(1) 14446(2) 14921(2) 15219(2) 15488(2) 16181(1) 16349(2) 16522(2) 16590(1) 17019(2) 17191(2) 17626(2) 18358(2) 18723(2) 19562(2) 19775(2) 19780(2) 19781(2) 19783(1) 20524(2)
3367;6;42;48;3791(1) 3884(2) 5122(2) 16823(2) 16848(2) 16868(2) 16919(2) 16941(2) 17038(2) 17078(2) 17099(2) 17129(2) 17162(2) 17174(2) 17251(1) 17272(2) 17376(2) 17428(2) 17449(2) 17456(2) 17460(2) 17533(2) 17646(2) 17660(1) 17717(2) 17761(1) 17796(2) 17808(2) 18621(2) 18726(2) 18818(2) 18919(2) 19096(2) 19162(2) 19172(2) 19243(2) 19284(2) 19506(2) 19663(2) 19896(1) 19947(2) 19969(1) 20036(2) 20144(2) 20230(2) 20324(2) 20471(2) 20760(2)
1354;4;44;48;106(2) 141(2) 1074(2) 1581(2) 2408(2) 2531(2) 2537(2) 3118(2) 3205(2) 3840(2) 4424(2) 5814(2) 5838(2) 6654(2) 6699(2) 6932(2) 7221(2) 7441(2) 7633(2) 9101(2) 9102(2) 9301(2) 9341(2) 9569(2) 9598(2) 10533(2) 10596(1) 10753(2) 11133(1) 11466(2) 11539(2) 12599(2) 12603(1) 12665(1) 13014(2) 13022(2) 13629(2) 13878(2) 14353(2) 14614(2) 14620(2) 14759(2) 15036(2) 17699(2) 18053(2) 18054(2) 19543(2) 20095(2)
9235;21;27;48;76(2) 1076(1) 1167(2) 1341(1) 1500(2) 2435(2) 2471(1) 3147(2) 3881(1) 4823(2) 5102(2) 5250(1) 5330(2) 5619(2) 6013(2) 6426(2) 6830(1) 7024(1) 7093(2) 7854(1) 7893(1) 9549(2) 10196(2) 10500(1) 11300(1) 11793(1) 12166(2) 12744(2) 13141(1) 13142(2) 14627(2) 14749(1) 14879(1) 15518(1) 15702(1) 16010(1) 16733(2) 17164(2) 17491(2) 17859(1) 18474(1) 19115(1) 19476(2) 19796(2) 19797(2) 20690(2) 20871(2) 21197(2)
19968;18;30;48;441(2) 948(1) 1061(2) 1126(2) 1193(1) 1880(2) 2254(2) 2468(2) 4029(2) 4133(1) 5092(1) 5182(2) 5219(2) 5323(2) 5925(2) 6022(1) 6312(1) 6488(1) 6540(2) 6631(1) 6634(2) 6635(2) 6720(2) 7351(1) 7538(2) 8026(1) 8032(2) 8216(2) 8823(2) 8982(2) 9496(2) 10398(1) 10578(1) 11468(2) 13369(1) 15148(2) 15948(1) 17102(2) 17898(2) 18007(1) 18030(2) 18130(1) 18145(1) 18176(2) 18372(2) 20250(1) 20258(2) 20782(2)
26271;21;27;48;3(1) 6(2) 18(2) 49(2) 644(2) 1121(1) 1221(2) 1554(1) 2872(1) 3723(2) 3978(1) 4540(1) 5863(2) 6673(1) 7033(1) 7763(2) 7780(2) 7793(2) 7941(2) 8035(2) 8662(1) 8991(2) 9172(2) 9470(2) 10398(1) 11294(1) 11515(1) 13153(2) 13498(2) 13529(1) 13790(2) 14509(2) 15071(1) 15438(2) 15948(1) 16375(1) 17302(1) 17857(2) 17931(2) 18007(1) 18696(2) 18823(1) 19115(1) 19197(2) 19242(1) 20179(2) 20206(2) 20358(2)
18602;12;36;48;533(2) 1702(1) 1946(2) 2471(1) 4537(1) 4705(2) 4706(2) 5207(2) 5431(2) 5879(2) 6735(1) 7042(2) 7378(2) 7580(2) 7995(1) 8124(2) 8182(2) 8598(2) 9474(2) 9547(1) 9697(1) 9781(2) 10116(2) 10367(2) 10902(2) 10939(2) 10988(2) 11064(2) 11189(2) 11203(1) 11294(2) 12349(1) 12828(2) 13944(2) 13945(2) 14100(2) 14595(2) 14839(2) 15016(2) 15116(1) 15236(2) 15294(2) 15681(2) 15911(2) 18291(2) 19392(1) 19654(1) 20716(2)
19978;20;28;48;439(2) 1342(2) 1507(2) 1577(2) 1702(1) 2862(2) 2866(2) 2873(1) 2912(2) 3006(2) 3108(1) 3282(1) 3708(1) 4537(1) 5151(2) 6014(2) 6270(2) 6952(1) 8975(2) 9004(1) 9391(2) 9647(1) 10007(2) 10024(1) 10080(2) 11715(1) 11721(2) 12216(1) 12505(2) 12507(1) 12732(2) 12834(2) 14013(2) 14553(1) 14593(1) 14928(2) 15605(1) 15724(2) 16015(1) 16065(1) 16760(1) 16780(1) 18559(2) 19113(2) 19118(2) 19120(2) 20190(2) 20979(2)
13459;26;22;48;624(2) 1467(2) 1528(1) 1551(1) 1569(2) 2988(1) 4305(1) 4686(2) 5877(2) 6670(2) 6843(1) 9287(1) 9949(1) 10037(2) 10300(1) 10511(2) 12145(1) 12396(2) 12711(2) 13777(2) 14054(2) 14150(1) 14156(1) 14238(1) 14977(2) 15054(1) 15405(2) 15555(1) 15560(2) 15846(1) 15922(1) 15942(1) 15948(1) 16008(1) 16293(2) 16424(2) 16512(1) 16589(1) 17022(2) 19151(2) 19697(1) 20082(2) 20620(1) 20677(2) 20842(2) 20846(1) 20847(1) 20885(1)
17303;8;40;48;436(2) 1460(1) 1701(2) 1791(2) 1968(2) 2874(2) 3038(2) 4571(2) 5228(2) 5994(2) 6736(2) 7191(2) 7257(2) 8114(2) 8136(2) 8330(2) 8342(2) 8487(2) 8838(2) 8857(2) 9095(2) 9323(1) 9346(2) 9357(2) 9427(1) 9601(2) 9664(2) 10663(2) 11066(1) 11208(2) 11538(2) 11957(2) 12316(2) 12554(2) 13130(2) 14973(2) 15124(2) 15457(1) 15562(2) 15898(2) 15903(1) 16647(2) 16755(2) 16773(1) 16810(2) 17453(1) 20801(2) 21055(2)
13481;23;24;47;1172(1) 1790(2) 3160(1) 4758(2) 5365(2) 5600(2) 6410(2) 6520(2) 6569(1) 6698(2) 6811(2) 8989(1) 9287(1) 9949(1) 10668(1) 11031(2) 11230(1) 11351(1) 12293(1) 12421(2) 12785(2) 13511(2) 13516(2) 13641(2) 13846(1) 14161(2) 14192(1) 14212(1) 14936(1) 15269(2) 15319(2) 15574(2) 15910(2) 15922(1) 15948(1) 16438(1) 16645(2) 17370(1) 19115(1) 19672(2) 19996(1) 20191(2) 20376(2) 20736(1) 20846(1) 20847(1) 21249(2)
22183;29;18;47;794(1) 1258(1) 1696(2) 1921(1) 2415(1) 2574(2) 3044(1) 3393(1) 3429(1) 4047(1) 4176(1) 4248(1) 4618(1) 4920(2) 4983(1) 5014(1) 5766(2) 6088(1) 6105(2) 7849(1) 7855(1) 8165(2) 8426(1) 9187(1) 9189(2) 9362(1) 9383(1) 10387(2) 11927(2) 12898(1) 14168(2) 14651(2) 14875(2) 15412(1) 15578(1) 15655(2) 15870(1) 17020(2) 18301(1) 19074(1) 19219(2) 19259(2) 19711(1) 20261(2) 20650(2) 20847(1) 21257(1)
23895;23;24;47;794(1) 2334(2) 3520(2) 4305(1) 5049(2) 5363(2) 6315(2) 6644(2) 7772(2) 8731(1) 9074(2) 9287(1) 9779(1) 9949(1) 10029(2) 10250(1) 10452(1) 10557(2) 10598(2) 10812(2) 10965(2) 11351(1) 11557(2) 11621(1) 11650(2) 12639(2) 12719(1) 13370(1) 13891(2) 14150(1) 14212(1) 14768(2) 14877(1) 15157(2) 15269(1) 15922(1) 15942(1) 15948(1) 16387(1) 17816(2) 18111(2) 19063(2) 19178(1) 19917(2) 19945(2) 20846(1) 20847(1)
15;1;46;47;2664(2) 7660(2) 7940(2) 16944(2) 16951(1) 16969(2) 16982(2) 17035(2) 17040(2) 17076(2) 17079(2) 17105(2) 17112(2) 17146(2) 17172(2) 17182(2) 17197(2) 17317(2) 17359(2) 17437(2) 17451(2) 17549(2) 17632(2) 17665(2) 17763(2) 17767(2) 17802(2) 17923(2) 18025(2) 18057(2) 18059(2) 18162(2) 18280(2) 18281(2) 18513(2) 18576(2) 18707(2) 18711(2) 18889(2) 18903(2) 19166(2) 20297(2) 20443(2) 20450(2) 20466(2) 20542(2) 20902(2)
24177;10;37;47;618(2) 1634(1) 2645(1) 3155(1) 4306(2) 4742(2) 5815(1) 6065(2) 7141(2) 7400(2) 7804(2) 7860(2) 8134(1) 8308(2) 9575(2) 9666(2) 9884(2) 10912(2) 11843(1) 13118(1) 13177(1) 13310(2) 14737(2) 14816(2) 14836(1) 15103(2) 15509(2) 15526(2) 15531(2) 15532(2) 15664(2) 16018(2) 16657(2) 17515(2) 18666(2) 18893(2) 19037(2) 19065(2) 19816(2) 19857(2) 20714(2) 20748(2) 20751(2) 20773(1) 20798(2) 21063(2) 21076(2)
30581;26;21;47;198(1) 201(1) 305(2) 614(1) 643(2) 793(1) 1154(2) 1193(1) 1212(2) 1350(2) 1702(1) 2471(1) 2655(2) 2720(1) 3087(1) 3626(1) 3832(1) 4537(1) 5895(1) 6535(2) 6735(1) 6771(2) 6773(1) 7458(2) 7779(2) 8134(1) 8177(1) 8196(1) 8543(1) 8934(1) 10211(2) 12034(2) 12844(2) 13674(2) 17075(2) 17786(1) 18138(1) 18454(2) 18469(2) 18601(2) 18816(2) 19211(1) 19392(1) 20330(1) 20719(2) 20862(1) 21181(2)
576;2;44;46;124(2) 346(2) 648(2) 705(2) 735(2) 1242(2) 2173(2) 3079(2) 4134(2) 4302(2) 4560(2) 4892(2) 4893(2) 4894(2) 4895(2) 4896(2) 4897(2) 4898(2) 4899(2) 5967(2) 6786(2) 6890(2) 7405(2) 7685(2) 9208(2) 9209(2) 9315(2) 9316(2) 9317(2) 9318(2) 9730(2) 11228(2) 11374(2) 11591(2) 12183(2) 12292(2) 12992(2) 13192(2) 13193(2) 14243(1) 14664(2) 15561(2) 16718(2) 19115(1) 20223(2) 20562(2)
7634;14;32;46;414(2) 811(2) 1038(2) 2652(2) 3171(1) 3314(1) 5098(2) 5542(2) 5682(1) 6458(2) 6597(2) 6782(2) 7728(1) 7869(2) 8258(1) 8452(2) 8531(1) 9606(2) 9702(2) 10390(2) 10839(2) 10892(2) 10904(2) 11564(2) 11588(2) 12017(2) 12217(2) 12586(2) 13181(1) 13390(2) 13436(1) 14112(1) 15046(2) 15395(2) 15625(2) 16265(2) 16444(2) 17768(2) 17798(2) 18179(1) 18318(1) 19959(2) 19962(2) 19964(1) 19965(1) 20806(1)
19237;22;24;46;84(1) 218(2) 372(1) 629(1) 794(1) 828(1) 1766(2) 1798(2) 2131(2) 2248(1) 2310(2) 2415(1) 2428(2) 3678(1) 3860(1) 6022(1) 6186(2) 7045(1) 7143(2) 8383(1) 8958(1) 10250(1) 10673(2) 11004(2) 11283(1) 11600(2) 11902(2) 12652(1) 13439(1) 13559(2) 14390(2) 15962(1) 16520(2) 17748(2) 17891(1) 18134(2) 18409(2) 18493(2) 18551(2) 19075(2) 19079(1) 19093(2) 19117(2) 19637(1) 19638(1) 20290(2)
39912;24;22;46;308(2) 618(1) 756(2) 944(1) 2222(2) 3155(1) 3662(2) 5908(2) 6065(1) 7265(2) 8363(1) 8565(1) 9372(2) 9433(2) 9554(2) 10572(2) 10625(1) 10630(2) 11101(2) 11145(1) 11197(2) 11843(1) 12141(1) 12189(1) 12883(2) 12909(2) 13057(2) 13118(2) 13346(2) 13385(1) 13851(1) 14737(1) 14836(1) 15183(1) 15321(1) 15509(1) 16075(2) 16092(1) 16326(1) 16368(2) 16750(1) 16809(1) 18012(2) 19519(2) 20748(1) 21081(1)
2033;6;40;46;108(2) 1135(2) 1543(2) 1892(2) 2108(2) 2267(2) 2589(2) 3196(2) 3689(2) 3760(2) 4419(2) 7439(2) 7944(2) 8020(2) 8227(2) 8461(2) 8769(2) 9050(2) 9075(2) 10123(2) 10246(2) 10252(2) 10890(1) 11745(2) 11833(2) 11984(2) 12574(1) 12745(2) 13147(1) 13283(2) 13417(2) 13508(2) 14385(2) 14483(2) 14502(2) 14727(2) 15570(2) 15662(2) 15942(1) 15948(1) 16664(2) 16665(2) 18218(1) 18946(2) 20197(2) 20374(2)
17152;23;23;46;794(1) 1321(1) 2057(1) 2198(2) 2415(1) 2776(2) 2792(1) 3044(1) 3319(2) 4220(1) 4284(1) 4618(1) 5014(1) 5274(2) 5824(2) 5825(2) 6605(1) 8144(2) 8172(2) 8426(1) 9949(1) 9958(2) 10528(1) 10668(1) 11465(2) 11653(1) 12623(1) 13112(2) 13368(1) 13765(1) 13983(2) 14367(2) 15870(1) 17954(2) 18745(2) 18775(2) 18841(2) 18852(2) 18927(2) 19112(1) 20005(2) 20135(2) 20695(2) 20846(1) 20847(1) 21120(2)
9027;13;33;46;550(2) 794(1) 827(2) 2248(1) 3290(2) 3714(2) 3945(2) 5622(2) 5681(1) 6267(2) 7218(2) 7547(2) 7563(2) 7617(2) 8239(1) 8426(1) 9161(1) 9300(1) 9758(2) 10185(2) 11253(2) 11431(2) 11477(1) 11725(1) 12478(2) 12490(1) 13532(2) 13633(2) 15208(2) 15268(2) 15307(1) 15870(1) 16551(2) 16626(2) 16632(2) 16651(2) 18019(2) 18233(2) 18277(2) 18395(2) 18432(2) 18503(1) 18790(2) 19660(2) 19707(2) 20557(2)
97265;25;21;46;824(2) 942(1) 2378(2) 4639(1) 6084(1) 6111(2) 6546(1) 6548(2) 7868(2) 8047(2) 8100(1) 9428(2) 9866(2) 10344(1) 10483(1) 10630(1) 11094(2) 11145(1) 11311(2) 11656(1) 11658(1) 11843(1) 11944(2) 12487(1) 12677(2) 13346(1) 13385(1) 13577(1) 14007(1) 14758(1) 15064(2) 15132(2) 15321(1) 15957(1) 16269(1) 16538(1) 16746(2) 16750(1) 16777(2) 17516(2) 19147(2) 19856(2) 19858(1) 20633(2) 20748(1) 21041(2)
10898;21;25;46;1040(1) 1045(2) 1120(2) 1419(1) 2087(2) 3592(1) 3869(1) 3983(2) 4241(2) 4350(1) 5154(1) 5637(2) 5670(1) 5937(2) 6631(1) 6756(2) 7139(2) 7351(1) 8226(2) 8709(2) 8978(1) 9267(1) 9787(2) 10040(2) 10398(1) 10437(2) 12009(2) 12542(1) 13501(2) 13909(2) 13931(1) 14527(2) 14740(1) 14775(1) 17149(1) 18135(1) 18145(1) 18152(1) 20256(1) 20259(2) 20262(2) 20390(2) 20393(2) 20415(2) 20425(2) 21099(2)
2007;14;32;46;180(2) 534(1) 1054(2) 2757(2) 3000(2) 3068(2) 4153(2) 4313(1) 5854(2) 6590(2) 6817(1) 6987(2) 8061(2) 8162(2) 8790(2) 8942(2) 9013(1) 9142(2) 9578(1) 10236(2) 10689(2) 10700(2) 10872(1) 11476(2) 12002(2) 12380(2) 13555(1) 13580(2) 15631(2) 15761(2) 15827(1) 15973(2) 16024(2) 17215(2) 17400(2) 17609(1) 17637(2) 17794(1) 18042(2) 18401(2) 18665(2) 19069(2) 19078(1) 19353(1) 20544(1) 20662(1)
5781;20;25;45;360(2) 784(2) 1196(1) 1770(2) 1949(1) 2019(2) 2120(2) 2233(2) 2828(2) 3430(1) 3827(2) 4089(1) 4347(2) 5336(2) 5681(1) 5990(1) 6711(2) 6849(1) 6953(2) 6981(2) 7117(2) 7169(1) 8426(1) 8532(1) 10164(2) 10491(1) 10553(2) 10872(1) 10985(2) 11185(1) 11378(1) 11629(1) 11781(1) 12636(2) 12830(2) 13164(2) 13411(2) 14135(1) 14681(1) 15870(1) 17499(2) 18413(2) 19940(2) 20329(2) 20965(1)
64970;24;21;45;691(1) 694(2) 1233(1) 1582(1) 1602(2) 1803(1) 3044(1) 3246(2) 4129(1) 4386(2) 5314(2) 5870(2) 6459(2) 6997(1) 7797(2) 8238(2) 8287(1) 8383(1) 8544(2) 8887(2) 10484(1) 10724(2) 11022(2) 11107(2) 11621(1) 11977(1) 12145(1) 12405(2) 12981(2) 13906(2) 14655(1) 15538(1) 15743(2) 15885(1) 15962(1) 16371(1) 16452(1) 17404(1) 18379(1) 18497(1) 19264(2) 19536(1) 20038(2) 20613(2) 20930(1)
1010;18;26;44;371(2) 2332(1) 2619(2) 3813(1) 3896(1) 5523(2) 5556(1) 5594(2) 6202(2) 6206(2) 6944(2) 8203(2) 8247(2) 8833(1) 8834(1) 9670(2) 9969(2) 10247(2) 10954(2) 10987(1) 11380(2) 11490(1) 11732(2) 12102(1) 12141(1) 12497(1) 12697(1) 13095(1) 14064(1) 14065(2) 14073(2) 14102(2) 14227(1) 14649(2) 15018(1) 15337(2) 15478(2) 16093(2) 16181(1) 16590(1) 18169(2) 19438(2) 20887(2) 20889(2)
3643;23;21;44;626(2) 704(2) 1318(1) 2127(1) 3466(1) 4618(1) 5681(1) 7710(2) 8611(2) 8864(1) 9150(2) 9383(1) 10073(1) 10288(1) 10919(1) 11263(1) 11739(1) 11806(2) 12094(2) 14053(1) 14127(2) 14272(2) 15057(2) 15656(1) 15962(1) 17346(1) 17381(2) 17678(1) 18240(2) 18311(1) 18315(2) 18379(1) 19300(2) 19347(2) 19480(2) 19566(1) 19607(1) 19966(2) 20439(2) 20615(1) 20643(1) 20755(2) 21116(2) 21159(2)
357;19;25;44;689(2) 866(2) 1504(2) 1649(2) 2132(2) 3293(1) 4021(1) 4660(2) 4953(2) 5342(2) 5681(1) 6086(1) 6297(2) 6475(2) 7082(2) 7173(2) 7212(2) 9949(1) 9987(1) 10192(1) 11305(1) 11520(2) 11632(1) 12357(2) 12447(2) 12888(1) 13663(1) 13872(1) 14135(2) 14434(2) 14564(2) 14681(1) 15507(1) 15637(2) 15808(2) 16141(1) 16593(1) 16603(1) 18490(2) 19295(2) 19557(2) 20302(1) 20366(2) 20381(1)
2956;4;40;44;2288(1) 3507(2) 3509(2) 3601(1) 3602(2) 3603(2) 3605(2) 3606(2) 4428(2) 4504(2) 5521(2) 5603(2) 5889(2) 5891(2) 5988(2) 6375(2) 6642(2) 6907(1) 7107(2) 7553(2) 7644(2) 7822(2) 8896(2) 9764(2) 10143(2) 11085(2) 11259(2) 11260(2) 11508(2) 11525(2) 12219(2) 12225(2) 12226(2) 12227(2) 12228(2) 12229(2) 12768(2) 12905(1) 14861(2) 14862(2) 14863(2) 20639(2) 21079(2) 21113(2)
48819;18;26;44;270(1) 537(2) 1193(1) 1854(1) 2415(1) 2469(2) 2582(2) 3296(2) 4537(1) 4618(1) 5954(2) 6022(1) 6409(2) 6673(1) 7556(2) 7713(2) 8082(2) 8364(2) 9901(2) 10398(1) 11294(1) 11358(2) 11756(1) 12020(2) 12308(2) 13231(2) 13748(2) 13793(1) 13794(2) 14521(2) 14819(2) 17769(2) 18007(1) 18195(1) 18320(2) 18545(2) 18608(2) 18629(2) 18698(2) 18936(1) 19392(1) 20169(1) 20580(1) 20692(2)
23546;21;23;44;130(2) 301(2) 311(2) 337(2) 372(1) 1413(1) 1923(1) 2021(2) 2281(1) 2540(1) 2629(2) 3860(1) 4115(2) 5355(2) 6657(2) 7542(2) 7878(1) 8696(2) 8839(2) 8900(2) 8958(1) 9284(2) 9574(1) 9641(1) 12127(2) 12558(2) 13320(1) 13439(1) 13479(2) 13493(1) 13825(1) 15333(1) 17891(1) 19097(2) 19221(2) 19644(1) 19645(1) 20014(1) 20064(1) 20066(2) 20308(2) 20430(1) 20432(2) 21148(2)
23106;28;16;44;1172(1) 1556(2) 2332(1) 3078(2) 3193(1) 3262(2) 3263(2) 3896(1) 4418(1) 4622(2) 5080(2) 5557(1) 8805(1) 8981(2) 9287(1) 9526(1) 9779(1) 9949(1) 10981(1) 10987(1) 11230(1) 11727(1) 12097(2) 12102(1) 12761(2) 12774(1) 13393(2) 13650(2) 14072(2) 14282(1) 14763(1) 14827(1) 15052(2) 15407(1) 15449(2) 15596(1) 15948(1) 16297(1) 18456(2) 19115(1) 19558(2) 20055(1) 20846(1) 20847(1)
3070;5;38;43;285(2) 1402(2) 1464(2) 2350(2) 2550(2) 3041(1) 3330(2) 3738(2) 3846(2) 4062(2) 4716(2) 5142(2) 5413(2) 5505(2) 5757(2) 5895(2) 6127(2) 6131(1) 6738(2) 6739(2) 7673(1) 8667(2) 9219(2) 9636(2) 10428(2) 10621(2) 10742(2) 10837(2) 12488(2) 12501(2) 12589(2) 13389(2) 13429(2) 14125(2) 14889(2) 15442(2) 16124(2) 16176(2) 16489(2) 18653(2) 18768(1) 20971(1) 21188(2)
642;0;43;43;62(2) 145(2) 146(2) 400(2) 8011(2) 9511(2) 17071(2) 17101(2) 17193(2) 17543(2) 17590(2) 17705(2) 17850(2) 17914(2) 17951(2) 18023(2) 18048(2) 18097(2) 18139(2) 18204(2) 18220(2) 18234(2) 18259(2) 18423(2) 18464(2) 18472(2) 18507(2) 18599(2) 18634(2) 18664(2) 18687(2) 18721(2) 18732(2) 18747(2) 18884(2) 18941(2) 18957(2) 18978(2) 19022(2) 21221(2) 21227(2) 21232(2) 21240(2)
7253;22;21;43;1011(2) 1404(1) 1785(2) 1855(1) 1856(1) 2237(2) 4003(2) 4656(2) 6272(1) 8235(2) 8910(2) 9287(1) 9779(1) 9949(1) 9968(2) 10301(2) 11230(1) 11340(2) 11727(1) 12199(2) 12500(2) 12695(2) 13730(2) 14345(2) 14698(2) 14936(1) 14995(2) 15258(2) 15528(2) 15804(2) 15833(1) 15922(1) 15948(1) 16063(1) 16279(2) 16297(1) 16407(1) 16438(1) 19289(1) 19996(1) 20818(1) 20846(1) 20847(1)
39870;15;28;43;159(1) 174(2) 4077(2) 4202(2) 5689(1) 6361(1) 6619(2) 6703(2) 8273(1) 8854(2) 9288(1) 10102(2) 10222(2) 10617(2) 10625(1) 10959(2) 11057(2) 11145(1) 11769(1) 12189(1) 12964(2) 13292(1) 13451(2) 13838(2) 14007(2) 14526(2) 14539(2) 15321(1) 15419(2) 15957(1) 16092(2) 16233(2) 16538(1) 16736(2) 16750(1) 17328(2) 17390(2) 17651(2) 18518(2) 19583(1) 20042(2) 20456(2) 21092(2)
61788;24;19;43;161(2) 370(2) 990(2) 1562(1) 2055(2) 2250(2) 2573(1) 3046(2) 4129(1) 4340(2) 6112(1) 6504(1) 7406(1) 7512(2) 7845(1) 8252(2) 8701(1) 8903(1) 9469(2) 10096(2) 10643(1) 10890(1) 11056(2) 12145(1) 12293(1) 12471(2) 13374(2) 13529(1) 14150(1) 14735(2) 15292(1) 15922(1) 15942(1) 15948(1) 16246(1) 16512(1) 17207(2) 17718(2) 17764(1) 19667(2) 20742(2) 20846(1) 20847(1)
15012;15;28;43;672(2) 892(2) 1513(2) 1525(2) 1922(2) 1939(1) 2038(2) 2451(2) 2920(2) 2985(2) 3112(1) 3501(2) 4089(1) 4486(1) 4612(2) 4734(1) 5681(1) 5739(2) 5956(2) 6354(2) 7551(2) 8295(2) 8411(1) 8426(1) 10691(1) 11629(1) 12106(2) 12530(2) 12931(2) 13029(1) 13030(2) 13108(1) 13158(2) 13997(1) 14681(1) 14996(2) 15149(2) 15870(1) 16019(2) 18355(2) 18504(2) 18705(2) 19333(2)
13485;20;23;43;235(1) 1147(2) 1548(1) 1788(2) 2893(1) 3044(1) 4246(2) 6385(2) 6605(1) 6919(2) 7554(2) 7689(2) 7864(2) 8426(1) 9161(1) 9383(1) 9779(1) 10431(1) 10798(2) 11035(2) 11230(1) 11822(2) 12220(2) 12293(1) 12714(2) 12715(2) 12822(2) 14150(1) 14274(2) 14503(2) 15862(1) 15870(1) 15948(1) 16135(1) 16296(2) 16608(2) 20382(1) 20386(2) 20403(2) 20846(1) 20847(1) 21170(2) 21183(2)
106276;24;19;43;325(1) 607(1) 1193(1) 1442(2) 2415(1) 2861(1) 3459(1) 3978(1) 4618(1) 4676(1) 4821(1) 4831(2) 4924(2) 7086(2) 8376(1) 8518(2) 9306(1) 9751(2) 10181(1) 10450(1) 10683(2) 10749(2) 11685(1) 11687(2) 11688(2) 11772(2) 13529(1) 14589(1) 14716(2) 16691(2) 17118(2) 17177(1) 17897(1) 17987(2) 18007(1) 18380(2) 18528(2) 19211(1) 19464(1) 19492(2) 19604(1) 20626(1) 20658(2)
3437;15;28;43;828(1) 1915(2) 2359(2) 2738(2) 3403(1) 4292(2) 5425(2) 8170(2) 8577(2) 8958(1) 9336(2) 9641(1) 9734(1) 9829(2) 10843(2) 10871(2) 12366(2) 12534(1) 12929(2) 12985(2) 13439(1) 13493(1) 14129(1) 14507(1) 14602(2) 14610(2) 16074(2) 16713(2) 17495(2) 17568(2) 17671(2) 17982(2) 18905(2) 19312(2) 19637(2) 19638(1) 19645(1) 19657(1) 20064(1) 20725(2) 20727(2) 20730(2) 21208(1)
0;0;42;42;715(2) 1247(2) 1589(2) 3217(2) 3349(2) 5072(2) 5384(2) 5574(2) 5827(2) 6476(2) 8375(2) 8410(2) 8797(2) 9446(2) 9493(2) 9654(2) 9817(2) 10253(2) 10659(2) 11289(2) 11972(2) 12506(2) 12662(2) 13801(2) 14000(2) 14196(2) 14288(2) 15066(2) 15580(2) 17386(2) 17667(2) 18083(2) 18359(2) 18688(2) 19446(2) 19465(2) 19510(2) 20278(2) 20401(2) 20796(2) 20904(2) 21233(2)
26143;18;24;42;164(2) 192(2) 372(1) 1233(1) 1413(1) 1741(1) 2248(1) 2415(1) 2584(2) 3258(1) 3474(2) 3678(1) 5528(2) 5566(2) 6454(2) 6977(2) 6978(2) 7592(2) 10250(1) 11977(1) 13439(1) 13493(1) 14610(1) 14901(2) 15989(2) 16309(2) 17891(1) 17907(2) 17927(2) 18069(2) 18676(2) 19079(2) 19114(2) 19117(1) 19153(2) 19329(1) 19638(1) 19784(2) 19984(2) 20430(1) 20581(2) 21242(2)
14513;7;35;42;290(2) 1675(2) 2004(2) 3492(2) 3797(2) 3931(2) 4959(2) 5299(2) 6178(2) 6658(2) 7682(2) 8474(2) 8558(2) 9282(2) 9588(2) 10242(2) 10258(2) 10864(2) 11390(2) 12141(1) 12157(2) 12697(1) 12699(2) 13051(1) 13235(2) 13271(2) 13616(2) 14064(1) 14066(1) 14087(2) 14099(2) 14158(2) 14557(2) 16173(2) 17378(2) 18613(2) 18723(1) 19779(2) 19978(1) 19986(2) 20530(2) 21149(2)
12253;19;23;42;911(1) 1180(2) 1298(1) 1687(2) 2848(1) 2867(1) 2966(2) 3108(1) 4490(1) 4576(2) 4855(1) 4905(2) 5723(2) 5973(2) 6713(2) 6724(2) 6726(1) 6729(2) 6878(2) 7013(1) 7320(2) 8469(2) 8665(1) 8853(1) 9173(2) 9556(2) 9880(2) 9903(2) 11662(1) 11743(1) 12216(1) 12847(1) 12865(2) 12997(1) 13110(1) 13745(2) 13978(2) 14180(2) 14593(1) 15642(1) 15734(2) 18791(2)
22758;13;29;42;2013(2) 2739(2) 4455(2) 9252(2) 9607(2) 16827(2) 16851(2) 16854(2) 16879(2) 16889(1) 16947(2) 16958(1) 16962(2) 16966(1) 16995(1) 17009(1) 17151(2) 17166(2) 17168(2) 17264(2) 17272(1) 17283(2) 17367(2) 17447(1) 17492(2) 17558(2) 17684(2) 17716(2) 17782(1) 17803(2) 17886(1) 17981(2) 18297(2) 18345(2) 18802(1) 19165(1) 19193(2) 19499(1) 19541(2) 19769(2) 20113(1) 21040(2)
5688;22;20;42;455(2) 1369(2) 1444(2) 1448(1) 2012(2) 2063(2) 3122(2) 3497(1) 3550(2) 4443(2) 4563(2) 5390(1) 6131(1) 6506(2) 6966(2) 6970(1) 7817(2) 7835(1) 8102(1) 8523(2) 8686(1) 8967(1) 10551(1) 10594(2) 10611(1) 11285(1) 11727(1) 13033(1) 13836(1) 14419(2) 14423(2) 15119(2) 16722(1) 16893(1) 16971(1) 17000(2) 17083(1) 17219(2) 17388(1) 17672(1) 17702(2) 19742(1)
265;7;35;42;3791(2) 16937(2) 16990(2) 16997(2) 17038(1) 17053(2) 17062(2) 17066(1) 17107(2) 17132(1) 17153(2) 17162(1) 17230(2) 17245(2) 17289(2) 17303(2) 17322(2) 17324(2) 17377(1) 17774(2) 17838(2) 17848(2) 17975(2) 18033(2) 18064(2) 18161(2) 18168(2) 18178(2) 18325(2) 19007(2) 19706(2) 19838(2) 19866(2) 19954(1) 19969(2) 19988(2) 20091(2) 20255(2) 20260(2) 20520(1) 20722(2) 20890(2)
2697;6;35;41;11(2) 38(2) 2499(2) 3978(1) 4221(1) 4324(2) 4448(2) 4509(2) 5382(2) 6550(2) 6649(2) 7088(2) 7409(2) 7462(2) 7488(2) 7497(2) 7525(2) 7618(2) 8786(2) 9179(2) 9200(2) 10183(2) 10900(2) 11077(2) 11363(1) 12694(2) 13529(2) 13922(2) 14106(2) 14639(2) 14806(2) 14942(2) 15105(2) 15567(2) 15948(1) 16592(2) 16594(2) 17302(2) 18007(1) 18283(2) 19115(1)
6713;3;38;41;86(2) 1456(2) 1531(2) 1534(2) 1538(2) 1540(2) 1542(2) 2314(2) 2591(2) 2775(2) 3684(2) 3776(2) 3788(2) 4637(2) 4659(2) 5061(2) 5231(2) 5329(2) 5677(2) 5711(2) 7468(2) 8395(2) 8788(1) 9342(2) 10679(2) 10802(2) 11404(2) 11425(2) 11646(2) 12342(1) 12368(2) 12435(2) 12980(2) 13050(2) 13232(2) 13292(1) 15325(2) 15889(2) 16385(2) 17929(2) 20043(2)
8257;11;30;41;1862(2) 1974(2) 2189(2) 3106(2) 3329(2) 3498(2) 3853(2) 3886(2) 5063(2) 5334(1) 5822(2) 5851(1) 5878(2) 7227(2) 7946(1) 8012(1) 8015(1) 8034(2) 8038(1) 8190(2) 9080(2) 9206(1) 9378(1) 9933(2) 10378(2) 11096(2) 11523(2) 15583(1) 16165(2) 16267(2) 16822(1) 17299(2) 17369(2) 19290(2) 19367(2) 19479(2) 19693(2) 20480(2) 20485(2) 20491(2) 20504(1)
23405;4;37;41;382(2) 1406(2) 2238(1) 2363(2) 2890(2) 3181(2) 3564(2) 3565(2) 3644(2) 4339(2) 4967(2) 5590(2) 7467(2) 9120(2) 10210(2) 10496(2) 11349(2) 12098(2) 12209(2) 12257(2) 12916(2) 13325(2) 13348(2) 13819(2) 14280(1) 14969(2) 14991(2) 15712(2) 16164(2) 16379(1) 16387(2) 16642(2) 16643(2) 16923(2) 17093(1) 17894(2) 18895(2) 20982(2) 20984(2) 20985(2) 20987(2)
15000;10;31;41;1824(2) 1980(2) 2257(1) 2786(2) 3584(2) 4987(2) 5321(2) 6603(2) 6632(2) 6637(2) 6777(1) 6860(1) 6867(2) 7138(1) 7436(2) 7445(2) 7720(1) 8607(1) 8616(1) 8716(2) 8923(2) 9046(2) 9098(2) 9460(2) 9516(2) 9559(2) 9651(2) 9679(2) 11043(2) 11792(2) 12486(1) 12656(2) 13240(2) 13441(2) 14415(2) 15387(2) 15891(2) 19620(1) 19629(2) 19722(1) 19771(2)
46125;21;20;41;1217(1) 1854(2) 2946(2) 4175(2) 4537(1) 6022(1) 6673(1) 6735(1) 7249(2) 7250(1) 7367(2) 7545(1) 7625(2) 7967(2) 8079(2) 8176(2) 8810(1) 8879(2) 9300(1) 10330(2) 10947(2) 11294(1) 11657(1) 12835(1) 13033(1) 14790(2) 15262(2) 17262(2) 17342(2) 17350(2) 17502(1) 17600(1) 18007(1) 18368(1) 18534(2) 18580(1) 18660(2) 19115(1) 19211(1) 19392(1) 19464(2)
1852;26;15;41;1695(2) 1723(2) 3193(1) 3336(2) 3896(1) 6884(1) 8731(1) 8767(1) 9106(2) 9287(1) 9380(2) 9919(1) 9949(1) 11008(2) 11232(2) 13002(2) 13006(2) 13033(1) 13080(1) 13128(1) 13370(1) 13497(1) 14150(1) 14426(1) 15062(2) 15279(2) 15346(1) 15490(2) 15539(1) 15848(2) 15922(1) 15948(1) 16103(1) 16255(1) 17240(1) 17290(2) 17764(1) 18722(1) 19438(1) 20734(2) 20847(1)
28512;24;17;41;1758(1) 2104(2) 2357(1) 2471(1) 2607(2) 3932(1) 4212(2) 5102(1) 5411(1) 6380(1) 6734(2) 6773(1) 7830(1) 8134(1) 9865(1) 10009(1) 10357(2) 10697(2) 11217(2) 11497(2) 11645(1) 11843(1) 12153(1) 12575(1) 13729(2) 14140(1) 14452(1) 14493(2) 14668(2) 14719(1) 14836(1) 15900(2) 16338(2) 16674(2) 16743(2) 18010(1) 18588(2) 19115(1) 19815(2) 20709(1) 20753(1)
11253;6;35;41;23(2) 600(2) 1125(2) 1506(2) 2305(2) 2435(1) 3404(2) 3843(2) 3984(2) 4159(2) 5250(1) 5265(2) 5974(2) 6455(2) 7865(2) 8134(1) 8733(2) 8843(2) 9365(2) 9602(2) 9952(2) 10819(2) 11081(2) 11680(2) 11915(2) 12149(2) 12759(2) 13191(2) 13736(2) 13737(2) 13915(2) 14062(2) 14379(2) 15131(2) 15501(2) 15948(1) 15983(2) 16010(1) 16690(2) 19115(1) 20234(2)
25044;26;15;41;230(1) 1622(2) 1799(2) 2075(1) 2881(2) 3109(2) 3855(1) 3978(1) 3984(1) 4298(2) 5250(1) 6673(1) 7228(2) 7754(2) 8134(1) 8467(2) 8526(1) 8662(1) 9287(1) 9387(1) 9779(1) 9949(1) 10346(1) 11345(1) 11800(2) 13191(1) 13529(1) 13640(1) 15283(2) 15295(2) 15948(1) 16138(2) 16156(1) 16297(1) 16601(1) 17326(2) 18873(2) 19115(1) 19934(2) 20846(1) 20847(1)
495;0;40;40;661(2) 698(2) 1718(2) 2342(2) 2343(2) 2344(2) 2453(2) 3052(2) 3284(2) 3287(2) 3728(2) 5209(2) 6209(2) 7100(2) 9147(2) 9646(2) 9731(2) 10405(2) 10928(2) 11361(2) 11421(2) 11526(2) 11973(2) 12160(2) 12315(2) 13082(2) 13234(2) 15153(2) 15581(2) 15886(2) 16678(2) 17331(2) 18672(2) 18703(2) 19488(2) 19489(2) 19686(2) 20040(2) 20790(2) 21274(2)
2283;9;31;40;78(2) 264(1) 485(1) 816(1) 1362(2) 2182(2) 2483(2) 2566(2) 2588(2) 2689(2) 3365(2) 3651(2) 4519(2) 4900(1) 4965(2) 5118(2) 5763(2) 6671(2) 8465(2) 9608(1) 10708(2) 11353(2) 11770(2) 12469(2) 12513(2) 13055(1) 13676(1) 14231(2) 14725(2) 14771(2) 14878(2) 15815(2) 15882(1) 16355(2) 18096(2) 18566(1) 19356(2) 19747(2) 19792(2) 19887(2)
39238;15;25;40;137(2) 325(1) 1155(2) 1193(1) 1880(1) 2415(1) 3143(2) 3360(2) 3592(1) 4040(1) 4821(1) 5125(2) 5154(1) 5323(1) 6022(1) 6631(1) 6802(2) 7351(1) 10398(1) 10421(1) 13237(2) 13327(2) 13856(2) 14525(2) 14552(2) 15673(2) 18007(1) 18086(2) 18130(2) 18152(2) 18901(2) 19040(2) 19224(2) 19376(2) 19891(2) 20152(2) 20250(2) 20256(2) 20422(2) 20437(2)
11847;4;36;40;226(2) 697(2) 1314(2) 1404(2) 1448(1) 1636(2) 1983(2) 3933(2) 4257(2) 4322(2) 5754(2) 6147(2) 8169(2) 8370(2) 8404(2) 8405(2) 8406(2) 8885(2) 9462(2) 10085(2) 10540(2) 10551(1) 10619(2) 11103(2) 11727(1) 12379(2) 12456(2) 12543(2) 12690(2) 12813(2) 13214(2) 13756(2) 14359(2) 15080(2) 15948(1) 15953(2) 15954(2) 17413(2) 19109(2) 19161(2)
4423;18;22;40;656(2) 763(2) 764(2) 1292(2) 1551(1) 1954(1) 2659(2) 4036(2) 5128(2) 6843(1) 8031(2) 8155(1) 8427(2) 8617(2) 9287(1) 9644(2) 10052(2) 10138(2) 11677(1) 12907(1) 13402(2) 13916(2) 14150(1) 14156(1) 14763(1) 15351(2) 15690(1) 15692(2) 15922(1) 15948(1) 16283(1) 16501(1) 16536(2) 17959(2) 18347(1) 19498(2) 19500(2) 19602(2) 20818(1) 20846(1)
13367;15;25;40;156(2) 3171(1) 4417(2) 4753(2) 5050(2) 5123(2) 8531(1) 10003(2) 10059(1) 10374(2) 10793(2) 10881(2) 11980(2) 11991(2) 12017(1) 12165(2) 13045(2) 13181(1) 13216(2) 13217(2) 13224(1) 13293(2) 13436(2) 13456(2) 13609(2) 14187(2) 14190(1) 14674(2) 15943(2) 17409(2) 18179(1) 18318(1) 18536(2) 18557(1) 19892(1) 19921(2) 19922(1) 19960(1) 19964(1) 19965(1)
8630;13;27;40;1076(1) 1489(2) 2435(1) 2683(2) 2942(1) 3234(2) 4476(1) 5021(2) 5250(1) 5614(2) 6072(2) 6382(2) 6512(2) 7511(2) 7893(1) 8277(2) 8346(2) 10416(2) 10487(2) 10500(1) 10994(2) 11793(1) 11938(2) 13138(2) 14420(2) 15012(2) 15367(2) 15453(2) 15518(1) 15545(2) 15702(1) 15780(2) 16010(1) 16905(2) 18474(1) 19115(1) 20108(2) 20327(2) 20682(2) 20689(2)
13907;20;20;40;997(1) 1106(1) 2075(1) 2580(2) 4095(2) 4550(2) 5250(1) 5346(2) 6609(1) 6823(2) 6937(1) 7031(2) 7857(2) 8134(1) 8731(1) 8805(1) 9287(1) 9526(2) 9597(2) 9779(1) 10336(1) 11381(2) 12000(2) 13238(2) 15518(1) 15751(2) 15795(1) 15922(1) 15948(1) 16087(2) 16297(1) 16723(2) 16728(2) 17304(2) 17943(2) 18198(2) 19115(1) 20512(2) 20846(1) 21125(1)
27419;24;16;40;1539(1) 1867(2) 2119(2) 2154(2) 2181(1) 2238(1) 2379(2) 2878(1) 3802(2) 4535(1) 5853(1) 5982(2) 6781(2) 7004(1) 7735(2) 7874(1) 7890(2) 7977(2) 9287(1) 9779(1) 10131(1) 10235(2) 11293(2) 12145(1) 13529(1) 14020(1) 14432(2) 14655(1) 15292(1) 15538(1) 15619(1) 15767(2) 15922(1) 15948(1) 16452(1) 16512(1) 20281(2) 20846(1) 20847(1) 20893(2)
44711;12;28;40;91(2) 1304(2) 1624(2) 2415(1) 2815(2) 2964(1) 4618(1) 4703(1) 5114(2) 5500(2) 5635(1) 5750(2) 6059(2) 6098(2) 6673(1) 6696(2) 7676(2) 7731(2) 7859(2) 7991(2) 8033(1) 10056(2) 10362(2) 10478(2) 11767(2) 12152(2) 12770(2) 12890(2) 13852(2) 14082(2) 15495(2) 16624(1) 18007(1) 18195(2) 18307(2) 18353(2) 18579(1) 19248(1) 19258(1) 20315(2)
47549;22;18;40;482(1) 1267(1) 2526(2) 2648(2) 3001(2) 3902(1) 3905(1) 3907(1) 4559(1) 4761(2) 4766(1) 5340(1) 6188(2) 6497(2) 6797(1) 6976(2) 7134(2) 7260(2) 7401(1) 7449(1) 7620(1) 8483(1) 8785(2) 8969(2) 9467(1) 12433(2) 12597(1) 12702(2) 13504(1) 13820(2) 14402(1) 15273(1) 15575(2) 16043(1) 16894(1) 16933(1) 17225(2) 18401(1) 19680(2) 20039(2)
20391;5;34;39;550(1) 1497(2) 2223(2) 2228(2) 2230(2) 2312(2) 3064(2) 3258(2) 3804(2) 4261(2) 4277(2) 4289(2) 4293(2) 4299(2) 4645(2) 4978(2) 5409(2) 5873(2) 5938(2) 6022(1) 6660(2) 6769(1) 8458(2) 11297(2) 11958(1) 11960(2) 12578(2) 12653(2) 12663(2) 12669(2) 12673(2) 12675(2) 14166(2) 14810(1) 16419(2) 17600(2) 19274(2) 19738(2) 19740(2)
2159;0;39;39;543(2) 1876(2) 2747(2) 3420(2) 3698(2) 3699(2) 4219(2) 5667(2) 6391(2) 6392(2) 6399(2) 7363(2) 7404(2) 7528(2) 8254(2) 9072(2) 9430(2) 9525(2) 9732(2) 10352(2) 10434(2) 10622(2) 11527(2) 12077(2) 12298(2) 12299(2) 12908(2) 13033(2) 15259(2) 15452(2) 16085(2) 18543(2) 18994(2) 19144(2) 19149(2) 19150(2) 19395(2) 20849(2) 20963(2)
671;10;29;39;748(2) 1179(1) 2808(2) 3680(2) 4109(1) 4151(1) 5798(1) 6261(2) 6406(2) 6656(2) 6925(2) 7170(2) 7301(2) 7457(1) 9096(2) 12597(1) 13643(2) 13679(2) 14695(1) 15828(2) 16955(2) 17007(2) 17008(2) 17077(2) 17119(1) 17411(2) 17593(2) 17635(1) 17826(1) 17849(2) 17871(2) 18027(2) 18106(2) 18170(2) 18412(2) 18813(2) 19122(2) 19807(2) 20867(2)
12153;17;22;39;480(2) 542(2) 2315(2) 2320(2) 2415(1) 2792(1) 2933(2) 3044(1) 4468(1) 4479(1) 4488(1) 4623(2) 4904(2) 5635(1) 5681(1) 6073(2) 6445(2) 6815(2) 7005(2) 7172(2) 7256(2) 7777(1) 9383(1) 11082(2) 11083(1) 11084(2) 11339(2) 11624(1) 12324(2) 12818(2) 12829(2) 13270(1) 13368(1) 14200(2) 18963(2) 19248(1) 20292(2) 20315(1) 21153(1)
3944;25;14;39;2069(2) 2098(2) 2557(2) 3338(1) 3929(2) 4129(1) 4462(2) 6884(1) 7004(1) 7845(1) 9713(2) 9949(1) 10808(1) 11977(1) 12045(2) 12145(1) 12514(2) 13023(1) 13382(1) 13529(1) 14020(1) 14150(1) 14645(1) 15538(1) 15922(1) 15991(1) 16038(2) 16452(1) 16865(2) 18497(1) 19285(2) 19391(1) 19396(2) 20359(1) 20408(2) 20611(1) 20847(1) 20914(2) 20954(1)
15575;15;24;39;1029(2) 2370(2) 2759(1) 3409(2) 3468(2) 3676(1) 4161(2) 5968(1) 6100(2) 6264(1) 6995(2) 7258(2) 7701(1) 8932(2) 9266(1) 9945(2) 10923(2) 11672(2) 11874(2) 12061(2) 12532(2) 13181(1) 13496(1) 13500(2) 13734(1) 13791(1) 14039(2) 14869(2) 15943(1) 16291(2) 16563(1) 16573(2) 16574(2) 16907(2) 18179(1) 19922(1) 19946(2) 19948(2) 19964(1)
14756;20;19;39;468(1) 801(2) 901(1) 1578(2) 1657(2) 1661(1) 2534(2) 2564(1) 2923(2) 3335(2) 4304(1) 4881(2) 5387(2) 5848(2) 7065(2) 7570(2) 7958(2) 7996(2) 8335(1) 8607(1) 9450(1) 9792(1) 11133(1) 12344(1) 12483(2) 13069(2) 13904(2) 15030(1) 15754(1) 16111(1) 16314(1) 17055(1) 19549(2) 19574(1) 19623(1) 19639(2) 19720(1) 20057(1) 21060(2)
1565;0;39;39;2298(2) 7621(2) 7719(2) 8386(2) 8524(2) 9143(2) 10200(2) 11264(2) 11265(2) 11266(2) 11267(2) 11382(2) 11519(2) 11648(2) 11857(2) 12092(2) 12121(2) 13122(2) 13123(2) 13124(2) 13700(2) 13807(2) 13890(2) 14540(2) 15090(2) 15309(2) 16377(2) 16405(2) 16530(2) 16533(2) 16534(2) 16535(2) 18323(2) 19793(2) 20139(2) 20140(2) 21124(2) 21215(2) 21220(2)
24018;18;21;39;101(2) 1524(2) 4391(1) 5426(1) 5689(1) 6153(2) 6288(2) 7426(2) 8394(2) 8549(2) 9009(2) 10427(2) 10525(2) 11644(1) 11959(1) 12063(1) 12611(2) 12821(1) 13150(2) 13430(1) 14612(2) 14714(2) 15429(1) 15484(1) 15957(1) 16036(2) 16099(2) 16310(1) 16346(2) 16358(1) 16814(1) 17329(1) 17583(2) 17882(1) 18390(2) 19586(2) 19648(2) 19956(1) 20583(1)
27647;23;16;39;962(1) 967(1) 1536(2) 1537(2) 1538(1) 1677(2) 2591(1) 3279(1) 3684(1) 4016(2) 4663(2) 5325(1) 5677(1) 5711(1) 5909(2) 6431(2) 7539(2) 8017(1) 8576(1) 8788(1) 9359(1) 10680(2) 11544(2) 11850(1) 12342(1) 13364(2) 13484(1) 14329(2) 14667(2) 14899(1) 15325(1) 15651(1) 16764(1) 17137(1) 18751(1) 19431(2) 19434(2) 19544(1) 19592(2)
21020;30;9;39;329(2) 526(2) 564(1) 1297(1) 1481(1) 2415(1) 3040(1) 3392(1) 3720(1) 5014(1) 5341(1) 6207(1) 6598(1) 7025(2) 7870(1) 7978(2) 8426(1) 8973(1) 9805(1) 9857(1) 10422(2) 10522(1) 10588(2) 10658(1) 11038(1) 11115(1) 11441(2) 11996(1) 12581(1) 13055(1) 13759(1) 14937(2) 15870(1) 15976(1) 16761(1) 19129(2) 19134(1) 19836(1) 20962(1)
3692;14;24;38;253(2) 598(1) 878(2) 904(1) 2229(2) 4481(2) 5452(2) 5703(2) 6339(2) 6365(2) 6777(2) 6860(2) 8127(2) 8607(1) 8616(1) 8630(2) 11133(1) 11359(2) 12031(2) 12039(2) 12344(1) 12722(2) 13918(2) 15030(1) 15189(1) 15425(2) 16111(1) 19588(2) 19620(1) 19719(1) 19720(1) 19722(1) 19743(2) 19753(2) 20057(1) 20219(2) 20377(2) 20792(2)
524;20;18;38;117(2) 323(1) 510(2) 658(2) 821(2) 1520(1) 1551(1) 2673(2) 3278(1) 3904(2) 4593(1) 4680(2) 6182(1) 6229(1) 6230(1) 6289(1) 6291(1) 6989(1) 8067(2) 9491(2) 9981(2) 9982(1) 9993(2) 11205(2) 12259(1) 12645(2) 12646(1) 12687(2) 12771(2) 12952(2) 14330(1) 15649(1) 15948(1) 16009(2) 16833(2) 17147(1) 20816(1) 20836(1)
435;13;25;38;581(2) 918(2) 944(2) 1480(2) 1646(2) 1783(2) 2332(1) 2897(2) 3373(2) 3535(2) 3536(1) 5556(2) 6019(2) 7224(2) 8833(1) 8834(1) 9240(2) 10240(2) 10862(2) 12141(1) 12497(1) 12850(2) 13095(2) 14064(1) 14066(1) 14227(1) 15018(1) 15802(2) 15876(2) 16181(1) 16590(1) 17163(2) 17353(2) 17534(2) 18527(2) 19002(2) 20012(2) 20189(1)
9778;17;21;38;506(1) 794(1) 806(1) 956(2) 1835(2) 1859(2) 2415(1) 2792(1) 2955(2) 2964(1) 3044(1) 3208(2) 5014(1) 5446(2) 5478(2) 5969(2) 7146(2) 7982(2) 8426(1) 9187(1) 10371(2) 11083(1) 11287(1) 12048(1) 12293(1) 12989(2) 13797(2) 13963(2) 15450(2) 15837(2) 15870(1) 16029(2) 16339(2) 16340(2) 16623(2) 19008(2) 19234(1) 20847(1)
12879;2;36;38;674(2) 749(2) 1088(2) 1110(2) 1136(2) 1243(2) 1316(2) 1334(2) 1337(2) 2373(2) 3019(2) 3037(1) 3387(2) 3721(2) 4041(2) 4156(2) 4518(2) 4648(2) 5082(2) 5134(2) 5580(2) 5947(2) 6395(2) 6398(2) 6400(2) 6680(2) 7546(2) 8201(1) 10539(2) 11256(2) 12935(2) 14363(2) 18547(2) 19369(2) 19374(2) 19375(2) 19378(2) 19381(2)
19950;16;22;38;1174(1) 1571(2) 1680(2) 1756(2) 2185(2) 2810(1) 3342(1) 3784(1) 4022(1) 4822(1) 5311(2) 5764(2) 5821(1) 6922(1) 7209(2) 7752(1) 7933(2) 8055(2) 8829(2) 10790(2) 11129(2) 11388(2) 12141(1) 12697(1) 13432(2) 13926(2) 14939(2) 16297(1) 16522(1) 16908(1) 17179(2) 17652(2) 19293(1) 20519(2) 20521(2) 20534(1) 20535(2) 21045(2)
13321;12;26;38;2664(1) 6967(2) 16942(2) 16959(2) 17024(2) 17035(1) 17040(1) 17076(1) 17079(1) 17095(1) 17103(2) 17105(1) 17183(2) 17231(2) 17316(2) 17333(2) 17455(2) 17482(2) 17598(2) 17632(1) 17767(1) 17806(2) 17851(2) 17888(2) 18015(2) 18246(2) 18574(2) 19137(2) 19281(2) 19483(2) 19735(1) 19895(2) 20163(1) 20167(2) 20253(2) 20500(2) 20503(1) 20582(2)
38804;11;27;38;1595(2) 1911(2) 2144(2) 2415(1) 3044(1) 3371(2) 3567(2) 3794(2) 4478(2) 4864(2) 5175(1) 5462(2) 6780(2) 7492(1) 8253(2) 8374(2) 8425(2) 8426(1) 9826(2) 13380(2) 13759(1) 14240(2) 15359(1) 15870(1) 17819(2) 18049(2) 18860(1) 19128(2) 19132(1) 19402(2) 19405(2) 19497(1) 19806(2) 19822(2) 19824(2) 19827(2) 19844(2) 20239(2)
21779;14;24;38;1287(2) 1702(1) 2094(2) 2380(1) 2873(1) 3626(1) 3849(2) 3976(2) 4537(1) 4890(1) 4938(1) 4939(2) 4940(2) 4942(2) 4943(1) 4945(2) 5013(2) 5895(1) 6430(2) 6801(2) 7583(1) 7788(2) 8029(1) 8609(2) 9155(1) 9300(1) 10223(2) 11125(2) 11460(2) 11881(2) 13212(2) 13219(2) 13622(1) 13685(2) 14258(2) 16163(2) 16209(2) 16753(2)
30602;21;17;38;405(2) 491(2) 550(1) 1146(1) 1908(2) 2223(1) 2312(1) 2415(1) 2754(2) 3044(1) 3064(1) 3209(2) 3714(1) 4071(1) 4220(1) 4271(2) 4537(1) 5943(2) 6022(1) 7523(1) 7564(1) 8255(2) 9037(2) 9300(1) 9339(2) 10442(2) 12623(1) 12653(1) 12663(1) 16698(2) 17257(2) 18418(2) 18929(1) 19074(1) 19112(1) 20309(2) 20311(2) 20348(2)
21503;26;12;38;235(1) 2415(1) 2824(2) 2921(2) 3044(1) 3182(2) 3272(1) 3429(1) 3567(1) 3718(1) 3913(1) 4238(1) 4291(1) 4618(1) 5014(1) 5681(1) 5977(1) 6022(1) 6344(2) 8094(1) 8161(1) 8556(2) 9362(1) 9383(1) 11083(1) 11541(1) 12941(1) 18100(2) 18459(1) 19074(1) 19276(2) 19493(1) 19702(2) 20214(2) 20293(2) 20353(2) 20715(2) 20847(1)
8989;14;23;37;196(1) 1254(2) 1551(1) 3780(2) 3786(2) 3909(2) 4087(2) 4874(1) 5945(2) 6593(1) 6843(1) 6918(2) 7403(2) 7519(1) 8443(1) 8808(1) 8815(2) 8818(2) 8819(1) 8821(2) 8851(2) 8904(1) 9436(2) 10509(2) 10661(1) 15948(1) 16304(1) 16305(2) 16499(2) 17116(2) 17406(2) 18812(2) 18982(2) 20270(2) 20271(2) 20273(2) 21150(1)
40872;17;20;37;181(1) 550(1) 895(1) 1327(2) 2383(2) 2479(2) 2711(2) 3041(1) 3313(2) 3428(2) 4097(1) 4372(2) 4487(2) 5610(2) 6267(1) 6489(2) 8304(1) 8426(1) 10185(1) 10285(1) 11242(2) 11431(1) 11627(2) 11629(1) 11725(1) 11794(1) 12560(1) 13781(2) 14678(2) 15870(1) 17677(2) 18276(2) 18561(2) 19029(2) 19122(1) 19833(2) 19997(2)
2244;16;21;37;279(1) 288(2) 2388(1) 3096(1) 4074(1) 4237(1) 4503(1) 4788(2) 5779(1) 5797(2) 6174(2) 7159(1) 7631(2) 7771(2) 9084(2) 9424(1) 10670(2) 11318(2) 11498(2) 13211(1) 15145(1) 15244(2) 15779(2) 15872(2) 16559(1) 16666(2) 16701(2) 16720(1) 16738(2) 17860(1) 17961(1) 18773(2) 19168(1) 19377(2) 19490(2) 20011(2) 20490(2)
1017;19;18;37;633(2) 810(1) 925(1) 1646(1) 2332(1) 2604(2) 3063(1) 3681(2) 3896(1) 4480(2) 4624(2) 5029(2) 5466(1) 5556(1) 5569(2) 8654(1) 8834(1) 10865(1) 11632(2) 11653(2) 12102(1) 12497(1) 13596(2) 14064(1) 14361(2) 15018(1) 15433(2) 16181(1) 16430(2) 16590(1) 17968(2) 18529(1) 18808(1) 19382(2) 20383(2) 20863(2) 20866(2)
17753;10;27;37;248(2) 636(2) 660(2) 1769(2) 2427(2) 3049(2) 3703(2) 4725(2) 4726(1) 5575(2) 6648(2) 6692(2) 6735(1) 6856(2) 7213(2) 7434(2) 8207(1) 9386(2) 9643(2) 11167(1) 12018(1) 12019(2) 12022(1) 12402(2) 12682(2) 13077(1) 15114(2) 15115(2) 15220(2) 15703(2) 16201(2) 18439(1) 19759(2) 19760(2) 19761(2) 19762(1) 20586(1)
4514;5;32;37;230(2) 1994(2) 2075(2) 2848(1) 3058(2) 3981(2) 4378(1) 5035(2) 5131(2) 5237(2) 5238(2) 5239(2) 5688(2) 7959(2) 7960(2) 8322(1) 8853(1) 9366(2) 9802(2) 9990(1) 11328(2) 11674(2) 11873(2) 12427(2) 12592(2) 13225(2) 13753(2) 14055(2) 14624(2) 15187(2) 15379(2) 15576(2) 15597(2) 15641(2) 15790(2) 15880(2) 17823(2)
34912;18;19;37;320(1) 571(1) 591(2) 935(2) 1233(1) 1535(2) 1549(2) 2411(1) 3044(1) 3726(2) 4024(2) 4128(2) 4129(1) 4307(1) 4356(2) 6185(1) 6586(2) 6851(2) 7304(2) 7892(1) 11854(1) 11977(1) 11997(2) 12010(2) 12515(1) 13023(1) 13537(2) 15538(1) 15568(1) 18267(2) 18379(1) 19717(2) 20623(2) 20921(1) 20922(2) 20924(2) 20930(1)
31254;9;28;37;97(2) 550(1) 1028(2) 1146(1) 1261(2) 2346(2) 2913(2) 2914(2) 3008(2) 4085(2) 4210(2) 4532(2) 4910(1) 4931(2) 4966(2) 4980(2) 5090(1) 5227(2) 5436(2) 7428(1) 8827(2) 8983(1) 10581(2) 11210(1) 12617(2) 12651(2) 13168(2) 13370(1) 14709(2) 15035(2) 15232(2) 15352(2) 15746(2) 15747(2) 16153(2) 16763(2) 17996(1)
18471;20;17;37;280(2) 794(1) 1502(1) 1716(2) 2025(1) 2057(1) 2284(2) 2415(1) 3044(1) 3970(2) 4071(1) 4746(2) 5014(1) 5163(1) 6022(1) 6317(2) 6605(1) 6761(1) 6997(1) 8426(1) 8820(2) 11230(1) 11763(2) 12465(2) 12528(2) 13033(1) 15722(2) 15870(1) 18840(2) 18914(2) 18918(1) 19073(2) 19074(1) 19112(1) 19318(2) 20433(2) 21173(2)
45321;10;26;36;64(2) 1193(1) 1387(2) 2053(2) 2927(1) 3892(2) 4133(1) 4537(1) 5214(2) 5396(2) 5399(2) 6022(1) 6547(2) 6558(2) 10398(1) 11216(2) 11685(2) 11756(1) 12126(2) 14485(2) 14542(2) 16613(2) 17644(2) 17776(2) 18007(1) 18010(2) 18141(2) 18241(2) 18540(2) 18787(2) 18926(2) 19211(1) 19392(1) 19604(2) 20033(2) 20772(2)
169;0;36;36;1749(2) 1761(2) 1834(2) 2264(2) 2653(2) 4230(2) 5576(2) 6746(2) 7565(2) 7684(2) 7690(2) 7693(2) 7703(2) 7729(2) 8977(2) 9593(2) 9701(2) 10206(2) 10868(2) 11948(2) 13492(2) 13646(2) 13869(2) 13870(2) 13871(2) 13900(2) 14486(2) 14632(2) 15368(2) 15383(2) 15390(2) 15398(2) 15406(2) 17189(2) 20605(2) 21275(2)
18536;16;20;36;614(1) 793(1) 1026(2) 1902(1) 1905(2) 3087(1) 4589(2) 5744(1) 6144(2) 7727(2) 7851(2) 8177(1) 8362(1) 8472(2) 8934(2) 9091(1) 9290(1) 9600(1) 9891(2) 10002(2) 10031(2) 10341(2) 10463(1) 10628(2) 11689(2) 12994(2) 13094(2) 13097(2) 13412(1) 13692(1) 15890(1) 16694(1) 17544(2) 17590(1) 18473(2) 19517(2)
4590;16;20;36;830(2) 1198(2) 1594(2) 1974(1) 3146(2) 3782(2) 4999(2) 5278(2) 5287(2) 5334(1) 5851(2) 5865(1) 6424(2) 6477(2) 6505(2) 7418(2) 7916(2) 7950(1) 8012(1) 8015(2) 8377(1) 8442(2) 9206(1) 9378(2) 9933(1) 15583(1) 15585(1) 15586(1) 15587(1) 16824(1) 17369(1) 19367(1) 19487(1) 19687(2) 20243(2) 20673(2)
34881;24;12;36;550(1) 629(1) 957(1) 1146(1) 1231(1) 1379(1) 1637(2) 1926(1) 3183(1) 4071(1) 4255(1) 4537(1) 4551(2) 5583(1) 5686(1) 6022(1) 6992(2) 7372(2) 8255(1) 9037(1) 9300(1) 9492(1) 10647(2) 11443(2) 12302(1) 12748(2) 13568(2) 15126(2) 16749(2) 17474(2) 18129(2) 18459(1) 19112(1) 19392(1) 20561(1) 20571(1)
13605;19;16;35;3896(1) 4569(2) 7034(2) 8948(1) 9287(1) 9779(1) 9864(1) 9949(1) 10417(2) 10668(1) 11230(1) 12044(2) 12122(2) 12293(1) 12385(2) 12719(1) 13350(2) 13544(2) 13846(2) 14104(2) 14309(2) 14347(2) 14348(2) 14827(1) 14936(1) 15396(2) 15948(1) 15963(2) 16297(1) 16438(1) 19851(2) 20382(1) 20827(1) 20846(1) 20847(1)
7871;11;24;35;166(2) 236(2) 260(2) 1072(2) 1276(2) 2003(1) 3714(1) 4066(2) 4465(2) 5052(2) 6705(2) 7521(1) 7671(2) 7745(2) 8422(1) 8426(1) 8430(1) 10456(2) 11629(1) 11686(2) 12194(2) 12958(2) 15870(1) 16004(2) 16445(1) 17840(2) 19158(2) 19401(2) 19404(2) 19408(2) 19830(1) 19842(1) 19847(2) 20965(2) 20966(2)
45060;18;17;35;607(1) 1042(2) 1383(2) 1854(1) 2471(1) 3406(2) 4537(1) 5250(1) 6673(1) 6735(1) 7250(1) 7378(1) 8228(2) 8348(2) 8456(1) 8970(2) 9975(2) 10260(2) 11294(1) 11611(2) 11657(2) 12071(2) 12387(2) 14248(2) 15948(1) 17502(1) 17532(2) 17789(1) 18580(1) 18928(2) 19115(1) 19392(1) 19909(2) 20666(2) 20669(1)
14384;8;27;35;586(1) 1551(1) 3173(2) 3418(2) 3673(2) 4028(2) 5256(2) 5953(2) 6487(2) 7041(2) 7101(2) 7120(2) 8337(2) 9287(1) 9949(1) 10251(2) 10784(2) 11952(1) 12059(2) 12069(2) 12070(2) 12277(2) 12280(2) 12625(2) 13386(2) 14395(2) 14405(2) 14549(2) 14834(2) 15129(2) 15922(1) 15948(1) 17698(2) 20553(2) 20846(1)
482;1;34;35;267(2) 452(2) 2450(2) 2782(2) 4053(2) 4353(2) 4798(2) 5059(2) 5140(2) 5557(1) 6108(2) 6159(2) 6169(2) 6195(2) 6196(2) 6197(2) 6198(2) 7924(2) 9089(2) 9113(2) 9841(2) 11357(2) 13279(2) 13326(2) 13653(2) 13896(2) 14109(2) 16308(2) 16331(2) 17041(2) 17133(2) 18310(2) 18972(2) 20791(2) 21259(2)
47;0;35;35;16860(2) 16867(2) 16951(2) 17067(2) 17124(2) 17220(2) 17387(2) 17489(2) 17636(2) 17663(2) 17817(2) 17887(2) 17926(2) 17974(2) 18051(2) 18101(2) 18102(2) 18153(2) 18282(2) 18284(2) 18290(2) 18603(2) 18639(2) 18667(2) 18694(2) 19041(2) 19056(2) 19509(2) 19684(2) 19746(2) 20071(2) 20350(2) 20486(2) 20616(2) 20851(2)
17379;9;26;35;1058(2) 1388(2) 1428(2) 2352(2) 3824(2) 4471(1) 4681(2) 5280(1) 5755(2) 6157(2) 6979(1) 8468(2) 9165(1) 9499(2) 9615(2) 9964(2) 10575(1) 11111(2) 12078(2) 12204(2) 12314(1) 12339(2) 12983(2) 13047(2) 13186(2) 13770(2) 14182(2) 15370(2) 15913(1) 15934(2) 17739(1) 18499(1) 19876(2) 20971(2) 21164(2)
289;23;12;35;263(2) 782(2) 1142(2) 1802(1) 4021(1) 4737(2) 5681(1) 6799(1) 6849(2) 9949(1) 9987(1) 10192(1) 10872(2) 11305(1) 12845(1) 12888(1) 13648(1) 13872(1) 14681(1) 14959(1) 14961(1) 15207(2) 15507(1) 15657(1) 16141(1) 16593(1) 16603(1) 17674(2) 18084(2) 19218(1) 19522(2) 20177(1) 20381(1) 20693(2) 21156(2)
24155;21;14;35;900(1) 1629(2) 2415(1) 3044(1) 5004(2) 5014(1) 6884(1) 7935(2) 9779(1) 9949(1) 10265(1) 10300(1) 10365(1) 10528(1) 10653(2) 11029(2) 11535(2) 11553(2) 12145(1) 12574(1) 12944(2) 13274(2) 13554(2) 13877(2) 14150(1) 15884(2) 15948(1) 16479(2) 16589(1) 16607(1) 18009(2) 18301(1) 20846(1) 20847(1) 21120(1)
43891;21;14;35;3(1) 2398(2) 2471(1) 2987(2) 3978(1) 4335(2) 4669(2) 5250(1) 5351(1) 5632(1) 6502(2) 6673(1) 6735(1) 7136(2) 7742(2) 7854(1) 11300(1) 11494(2) 12083(2) 13594(2) 15150(1) 15204(2) 15402(1) 15737(2) 15948(1) 16010(1) 16189(2) 16375(1) 16934(1) 17302(1) 17502(1) 18376(2) 19115(1) 20118(1) 20512(1)
25704;12;23;35;1378(2) 1386(2) 1420(2) 2350(1) 2409(2) 2492(1) 2522(1) 2732(2) 2905(1) 4709(2) 5372(2) 5413(1) 5747(2) 5880(1) 6122(2) 6440(2) 7312(2) 8933(2) 10575(1) 11429(2) 12436(2) 12655(2) 13695(2) 14344(1) 14523(1) 16176(1) 16487(2) 16871(2) 18446(2) 18768(2) 19145(2) 20599(2) 20971(1) 21058(2) 21064(1)
15313;15;20;35;862(2) 3164(2) 3424(2) 4463(2) 4705(1) 4707(2) 5744(2) 7995(1) 8177(2) 8185(2) 8187(1) 8198(1) 8211(1) 9093(1) 9244(2) 9393(2) 9501(1) 9547(1) 10132(2) 10363(2) 10457(1) 10827(1) 11578(1) 12057(2) 12173(2) 12363(1) 13132(2) 13383(2) 13630(1) 15773(2) 15784(2) 18330(1) 19654(1) 21053(2) 21056(2)
13428;21;13;34;1551(1) 4766(1) 9287(1) 9779(1) 9949(1) 10668(1) 10946(1) 10967(2) 11678(1) 11962(2) 12004(2) 12033(2) 12156(1) 12626(2) 13459(2) 13990(2) 14175(1) 14380(2) 14402(2) 14744(2) 14936(1) 15269(1) 15942(1) 15948(1) 15951(1) 16438(1) 16447(1) 17473(1) 17948(2) 20827(1) 20833(2) 20846(1) 20847(1) 20955(2)
15232;14;20;34;502(2) 578(2) 1026(1) 1715(1) 5792(2) 6201(1) 6613(1) 6690(2) 6832(2) 8307(2) 9618(2) 10004(2) 10199(2) 10455(1) 10634(1) 10719(2) 11464(2) 11735(1) 12309(1) 12619(2) 12984(1) 13056(2) 13317(1) 13398(2) 14012(2) 14325(1) 14350(2) 15710(2) 16394(1) 16426(2) 17216(1) 19206(2) 19653(2) 20745(1)
8928;13;21;34;133(2) 578(1) 1199(2) 1715(1) 6613(1) 6690(1) 7700(2) 8177(1) 8211(1) 8965(2) 9326(2) 9352(2) 9735(2) 9778(2) 10445(2) 10455(2) 11735(2) 11827(2) 12235(2) 12309(1) 12984(1) 13195(2) 13317(1) 14012(1) 14325(1) 14408(2) 15710(1) 15787(2) 15792(2) 16116(2) 16394(2) 17216(1) 20745(2) 21048(2)
17987;17;17;34;232(1) 837(2) 3446(2) 4160(2) 4608(2) 4618(1) 4760(2) 4880(2) 4963(2) 5681(1) 5826(1) 6022(1) 6348(2) 7048(2) 7236(2) 7272(1) 7476(2) 7696(2) 8218(1) 9135(1) 9362(1) 9383(1) 11355(1) 11780(2) 11876(1) 12133(2) 14245(1) 14590(1) 15959(1) 18378(2) 20647(2) 20648(2) 20847(1) 21263(1)
3391;15;19;34;460(2) 16819(2) 16832(2) 16842(2) 16880(2) 16887(2) 16970(1) 17043(1) 17060(2) 17141(1) 17249(1) 17301(2) 17433(1) 17469(1) 17480(1) 17581(1) 17714(2) 17735(1) 17762(2) 18092(1) 19366(1) 19484(2) 19673(2) 19685(2) 19790(2) 20264(1) 20486(1) 20488(2) 20492(2) 20495(2) 20503(2) 20627(2) 20900(1) 20907(1)
752;2;32;34;2093(2) 2111(2) 2112(2) 2115(2) 2158(2) 2160(1) 2661(2) 2842(2) 3624(1) 3956(2) 4325(2) 4803(2) 6806(2) 7003(2) 7906(2) 8074(2) 8893(2) 11120(2) 12376(2) 13102(2) 13397(2) 15569(2) 16198(2) 16897(2) 17396(2) 17475(2) 17676(2) 17727(2) 17790(2) 18375(2) 18718(2) 19703(2) 20910(2) 21175(2)
6173;22;12;34;810(1) 978(2) 1733(2) 1999(2) 2130(1) 2332(1) 2501(1) 2843(2) 2937(1) 3414(1) 3896(1) 4185(1) 4523(2) 4619(1) 5466(1) 5469(1) 6321(2) 7253(1) 7288(1) 8321(2) 8450(2) 8618(1) 9824(1) 10987(1) 11555(1) 11788(2) 12102(1) 12146(2) 12913(1) 13628(2) 13956(2) 15018(1) 16181(1) 16590(1)
20227;6;28;34;320(1) 668(2) 768(2) 1118(2) 1156(2) 2061(1) 2096(2) 2208(2) 2397(2) 2620(2) 3239(2) 3570(2) 3769(2) 3866(2) 4012(2) 4075(1) 4665(2) 5740(2) 6357(2) 6765(2) 6840(2) 6884(1) 7355(2) 7640(2) 8912(2) 9109(2) 10920(2) 12284(2) 12574(1) 17403(2) 17552(2) 18743(1) 20918(2) 20931(2)
8266;4;30;34;396(2) 1174(2) 1669(2) 1904(2) 2810(1) 4822(2) 5821(2) 6328(2) 6610(2) 6922(2) 7752(2) 8764(2) 9066(2) 11042(2) 13117(2) 13735(2) 14030(2) 15098(2) 15883(2) 16374(2) 16522(1) 16709(2) 16908(2) 16921(2) 16965(2) 17155(1) 17181(2) 17571(2) 17749(2) 18986(2) 19953(2) 20521(1) 20532(2) 20534(2)
29305;14;20;34;746(2) 813(2) 1293(2) 1975(2) 2415(1) 2640(2) 3393(1) 4176(1) 4614(2) 4618(1) 5424(2) 5681(1) 6093(2) 6103(2) 6104(2) 6106(2) 6107(2) 6582(1) 6911(1) 9383(1) 9685(1) 11355(1) 11783(2) 12881(2) 14107(1) 14108(2) 17560(2) 19210(1) 20224(2) 20225(2) 20226(2) 20228(1) 20229(2) 20231(1)
4330;12;22;34;2118(1) 2193(2) 2497(2) 2645(1) 3113(2) 3402(2) 3875(2) 4098(2) 4268(2) 4870(2) 6950(2) 7057(2) 7759(1) 7880(2) 8083(1) 8098(2) 9003(2) 9191(1) 9217(2) 10101(2) 10426(2) 11502(2) 12455(1) 12468(1) 13576(2) 13672(1) 15496(1) 15825(1) 16091(1) 16177(2) 16178(2) 19421(2) 19993(1) 20951(2)
41551;18;16;34;369(2) 707(2) 1097(1) 1158(2) 1757(2) 1955(2) 1998(2) 3701(2) 3896(1) 5158(2) 6884(1) 7259(1) 7477(2) 7840(1) 8702(1) 10695(2) 11314(2) 12016(2) 12145(1) 12574(1) 14150(1) 14443(1) 14976(1) 15540(2) 15572(2) 15922(1) 15948(1) 17619(2) 20620(1) 20846(1) 20926(1) 20946(1) 20948(2) 20949(1)
42444;18;16;34;610(2) 1195(1) 2004(1) 2425(2) 3345(2) 3812(1) 4236(2) 4327(2) 4641(2) 4776(1) 5145(2) 5198(2) 5311(1) 8232(1) 9478(2) 10228(1) 10242(1) 10767(1) 11243(2) 12141(1) 12211(2) 12699(1) 13051(1) 15015(2) 15362(1) 15733(2) 16173(1) 16332(1) 16367(2) 18677(1) 19293(1) 19978(2) 19986(1) 21166(2)
18209;20;14;34;468(1) 2537(1) 2564(1) 3380(2) 4135(2) 5233(2) 5419(2) 5691(2) 5772(2) 7798(2) 7815(1) 8335(1) 9101(1) 9598(1) 9738(1) 9792(1) 10302(2) 10753(1) 11133(1) 11324(2) 11466(1) 11565(2) 12599(1) 12603(1) 12665(1) 13629(1) 13644(2) 14808(2) 15030(1) 15745(2) 17055(1) 19595(2) 19720(1) 21161(1)
20130;6;28;34;292(2) 571(2) 803(2) 1097(1) 1118(1) 1628(2) 2061(2) 2366(2) 2503(2) 2812(2) 3090(2) 3762(2) 3779(2) 4312(2) 5322(2) 5660(2) 7235(2) 7355(1) 7892(2) 8025(2) 8912(1) 9133(2) 9177(2) 9926(2) 10696(2) 11403(2) 12574(1) 17619(1) 17852(2) 19441(2) 19442(2) 19443(2) 20921(2) 20930(2)
53690;24;10;34;1325(1) 2410(2) 2595(2) 2873(1) 3108(1) 3282(1) 3803(2) 4537(1) 4767(1) 4845(1) 4938(1) 5037(2) 5124(1) 6029(2) 6247(1) 6387(2) 6653(2) 6677(1) 7013(1) 7724(1) 8586(2) 9300(1) 10581(1) 12216(1) 12278(2) 12732(1) 14553(1) 14593(1) 14619(1) 16015(1) 16097(1) 17996(1) 18050(1) 21225(2)
23385;18;16;34;1188(2) 2743(1) 2952(2) 3546(1) 6597(1) 7759(1) 8258(1) 8531(1) 8989(2) 12318(2) 12641(2) 13042(2) 13120(2) 13181(1) 13436(1) 13496(1) 13625(2) 13716(2) 13804(1) 14112(2) 14155(2) 14261(1) 15046(1) 15417(2) 15574(1) 15861(2) 16106(2) 17867(2) 18179(1) 19922(1) 19964(1) 19965(1) 20362(1) 20939(2)
8648;11;22;33;944(1) 2372(2) 3231(2) 3790(1) 3943(1) 4583(2) 7127(2) 8729(2) 9750(2) 10153(1) 10202(1) 10344(2) 10461(2) 10826(2) 10854(2) 11470(2) 11748(2) 11843(2) 12141(1) 12274(2) 12995(1) 13051(2) 13256(2) 13385(2) 13858(2) 14064(1) 15183(1) 15551(2) 16048(2) 16223(1) 16750(1) 19087(2) 21043(2)
28985;14;19;33;440(1) 607(2) 957(1) 1176(1) 1217(2) 1417(2) 2415(1) 2582(1) 4537(1) 4751(2) 4772(2) 4773(2) 6673(1) 6735(1) 8420(2) 8456(2) 8830(2) 9300(1) 9858(2) 10121(2) 11294(1) 12906(2) 13763(1) 15065(2) 15389(2) 15536(2) 15819(2) 16334(1) 18580(1) 19392(1) 19555(2) 20207(2) 20580(2)
1170;1;32;33;773(2) 1783(1) 2020(2) 2697(2) 3765(2) 4374(2) 4388(2) 4799(2) 4800(2) 5718(2) 6298(2) 6361(2) 6421(2) 6422(2) 7475(2) 9214(2) 9234(2) 9236(2) 9237(2) 9329(2) 9775(2) 10314(2) 11534(2) 13399(2) 13808(2) 13845(2) 14215(2) 14900(2) 15113(2) 16460(2) 16878(2) 17379(2) 19507(2)
33644;18;15;33;629(1) 794(1) 893(1) 1295(1) 1463(2) 2248(1) 2415(1) 3105(2) 3258(1) 4101(2) 4261(1) 4284(1) 4285(2) 4383(2) 5014(1) 6022(1) 6212(2) 6295(2) 10250(1) 11162(2) 11283(1) 12673(1) 13565(2) 14894(1) 15191(2) 15303(2) 15870(1) 18702(1) 19082(2) 19178(2) 19638(1) 20013(2) 20274(2)
23739;11;22;33;815(1) 2134(2) 3155(2) 4805(2) 5085(1) 5689(1) 5880(2) 6318(2) 7144(1) 8536(2) 8962(2) 9459(2) 10755(2) 11048(2) 11145(1) 11463(2) 12600(2) 13254(2) 13292(1) 13673(2) 15102(2) 15957(1) 16101(1) 16310(2) 16358(1) 16511(2) 16807(2) 16809(1) 16811(1) 19583(2) 19649(2) 19955(2) 20041(2)
36887;20;13;33;235(1) 794(1) 1233(1) 2415(1) 2740(2) 3044(1) 3544(2) 3718(1) 3913(1) 4618(1) 5681(1) 6022(1) 6661(2) 8206(1) 9757(2) 10484(1) 11449(1) 12629(2) 13529(1) 13996(2) 14468(2) 14521(1) 15091(2) 15456(2) 15538(1) 16072(2) 16616(2) 18086(1) 18887(2) 19074(1) 19671(1) 20266(2) 20898(1)
37;1;32;33;1759(2) 2418(2) 2768(2) 3580(2) 3921(2) 4768(2) 6527(2) 8651(2) 8751(2) 9689(2) 11342(2) 11654(2) 11690(2) 11819(2) 12136(2) 13223(2) 13493(1) 14021(2) 14671(2) 14786(2) 15397(2) 15465(2) 15563(2) 16288(2) 16598(2) 18040(2) 18250(2) 19287(2) 19357(2) 19725(2) 19901(2) 20321(2) 20961(2)
5639;3;30;33;550(1) 2464(2) 3461(2) 3532(2) 3543(2) 3607(2) 3609(2) 3725(2) 4078(2) 4537(1) 4588(2) 5165(2) 6534(2) 8148(2) 8414(2) 9451(2) 9621(2) 9923(2) 11148(2) 11967(2) 12065(2) 12234(2) 12539(2) 14401(2) 15276(2) 15377(2) 15428(2) 15474(2) 16481(2) 17996(1) 18099(2) 18731(2) 19841(2)
54757;20;13;33;277(1) 470(2) 846(2) 1345(2) 2380(1) 2415(1) 2474(1) 2618(2) 3060(2) 5541(1) 5551(2) 5557(1) 6249(1) 6677(1) 6957(2) 7306(2) 7532(1) 7549(2) 7583(1) 8426(1) 9300(1) 10035(2) 11117(1) 11510(2) 11653(1) 12102(1) 15579(1) 15870(1) 16329(1) 16345(1) 16523(2) 19633(1) 20865(2)
31129;8;25;33;752(2) 1360(2) 1390(2) 1468(2) 4055(2) 4552(2) 4638(2) 5249(2) 6383(2) 6701(2) 7011(2) 7115(2) 8427(1) 10150(2) 10641(1) 11041(2) 11677(1) 11727(1) 13647(2) 14156(1) 14944(2) 16283(1) 16536(1) 16659(1) 16660(2) 17150(2) 17286(2) 17496(2) 17972(2) 18681(2) 18850(2) 20346(2) 20349(2)
39630;14;18;32;796(2) 1226(2) 1448(1) 2226(1) 2794(2) 3954(1) 4224(2) 5215(1) 5390(1) 6441(2) 6831(2) 6970(2) 7290(2) 8105(1) 9273(1) 11692(2) 12134(2) 12887(1) 13033(1) 15111(2) 15117(2) 15788(1) 17065(2) 17476(2) 17853(1) 19255(1) 19726(2) 19727(2) 19736(1) 19742(1) 20464(2) 20470(2)
10896;12;20;32;809(2) 1040(1) 1419(2) 2553(2) 3126(2) 3592(1) 3869(2) 3991(1) 5154(1) 5220(2) 5637(1) 5937(1) 6257(2) 6629(1) 6870(2) 9065(2) 9094(2) 9267(2) 9538(2) 9613(1) 10100(2) 10398(1) 11180(2) 13931(2) 14723(2) 14740(1) 14775(2) 14837(2) 15818(2) 16768(1) 20262(1) 20436(2)
1969;0;32;32;1874(2) 2986(2) 3694(2) 5964(2) 6486(2) 6525(2) 6546(2) 8003(2) 8022(2) 8580(2) 8684(2) 8750(2) 9248(2) 9819(2) 12054(2) 12158(2) 12341(2) 12342(2) 12608(2) 13453(2) 13551(2) 14027(2) 14152(2) 14193(2) 14456(2) 14478(2) 15608(2) 15609(2) 18637(2) 19971(2) 20001(2) 20800(2)
22602;3;29;32;2656(2) 4699(2) 5370(2) 16931(2) 17479(2) 17630(2) 17643(2) 17645(2) 17707(2) 17753(2) 17864(2) 17956(2) 17978(2) 18081(2) 18232(2) 18295(2) 18302(2) 18370(2) 18463(2) 18495(2) 18572(2) 18583(2) 18701(1) 18734(2) 18756(2) 18788(1) 18849(2) 18944(2) 18954(2) 18965(2) 18984(1) 19045(2)
29678;19;13;32;215(2) 384(1) 1168(1) 1933(1) 1937(2) 2587(2) 3481(2) 3971(1) 4001(1) 4398(1) 4997(2) 5300(2) 5681(1) 6279(1) 6905(2) 8002(1) 8676(1) 8852(2) 9135(1) 9383(1) 10436(1) 10541(1) 10972(1) 10993(2) 11932(2) 12288(2) 16068(2) 17154(2) 17683(1) 17918(1) 18140(1) 19355(1)
45249;13;19;32;167(2) 2767(2) 3881(1) 4618(1) 5250(1) 5635(2) 6673(1) 7489(2) 7490(2) 7491(2) 7853(2) 9585(2) 9688(2) 10158(1) 10534(1) 13100(2) 13149(1) 15234(2) 15514(2) 15516(2) 15518(1) 15525(2) 15603(2) 15948(1) 18579(1) 18875(1) 18923(2) 19115(1) 20660(2) 20671(2) 20684(2) 20688(1)
44446;22;10;32;727(1) 1083(1) 2471(1) 3044(1) 3051(2) 3702(1) 3978(1) 4618(1) 5148(2) 5205(2) 5250(1) 6673(1) 7867(2) 9996(1) 10756(1) 11294(1) 11702(1) 11937(1) 12907(1) 13635(1) 13860(1) 15948(1) 16224(2) 16974(2) 18690(2) 18771(2) 19115(1) 19249(1) 19250(1) 20317(2) 20409(2) 20846(1)
26060;7;25;32;1781(2) 3086(2) 3169(2) 3303(2) 3877(2) 4391(1) 5000(2) 5463(2) 6425(2) 6706(2) 7391(2) 7397(1) 8344(1) 9494(2) 9674(2) 10107(2) 10349(2) 12388(2) 13222(2) 13250(1) 13394(2) 14197(2) 14417(2) 14791(1) 15050(2) 15455(2) 15986(2) 16310(1) 16358(1) 16758(2) 21069(2) 21184(2)
66372;13;19;32;896(2) 1605(2) 2707(2) 2832(1) 4204(2) 4310(1) 5199(1) 5782(2) 6180(2) 6926(2) 8459(1) 8768(1) 8773(1) 8884(1) 9011(1) 9390(2) 9421(2) 9517(2) 9682(2) 11037(1) 11590(1) 12616(2) 12956(1) 13812(2) 15076(2) 16015(1) 16260(2) 16290(2) 19470(2) 20567(2) 20569(2) 20576(1)
65774;20;12;32;198(2) 220(1) 1193(1) 1387(1) 1735(2) 2415(1) 2471(1) 2761(2) 4209(2) 4618(1) 5016(2) 5048(1) 5396(1) 8134(1) 9481(2) 10446(2) 12842(1) 13793(1) 14399(2) 17417(2) 17693(2) 18007(1) 18474(1) 18579(1) 18936(1) 19115(1) 19211(1) 19392(1) 20169(1) 20268(1) 20332(2) 20717(2)
484;3;29;32;1205(2) 1505(2) 1585(2) 1666(2) 2067(2) 3315(2) 4200(2) 4216(2) 4435(2) 4762(2) 5101(2) 5694(2) 5696(2) 5907(2) 6457(2) 7639(2) 8752(2) 9358(2) 12141(1) 12688(1) 14225(2) 16798(2) 17518(2) 18649(2) 20216(2) 20220(2) 20333(2) 20391(1) 20496(2) 21077(2) 21100(2) 21105(2)
8843;22;10;32;1315(1) 1551(1) 1555(1) 3752(1) 4712(2) 5391(2) 6291(1) 6843(1) 6873(1) 7770(1) 9287(1) 11047(2) 11774(2) 12907(1) 13478(2) 13657(2) 13824(1) 13891(1) 14949(2) 15199(1) 15948(1) 16499(1) 17486(1) 17661(2) 17998(1) 19270(1) 20022(2) 20818(1) 20821(1) 20840(1) 20841(2) 20846(1)
32480;12;19;31;246(2) 1702(1) 2251(2) 2873(1) 2935(2) 3057(2) 3184(1) 4537(1) 5738(2) 5811(2) 5895(1) 7201(2) 7673(1) 7925(2) 8029(1) 9300(1) 9859(2) 10561(1) 11257(2) 13033(1) 13127(1) 13743(2) 14017(2) 14018(2) 15084(1) 15443(2) 15605(2) 18230(2) 19961(2) 20171(2) 20807(2)
54219;13;18;31;842(2) 1075(2) 1361(2) 1633(1) 2645(1) 2973(2) 5417(2) 6500(2) 6591(2) 6675(2) 7531(2) 7861(2) 7866(2) 8083(2) 8137(1) 9709(1) 9711(1) 10517(1) 10912(1) 11347(2) 12468(1) 12947(1) 14836(1) 15324(2) 15372(1) 15391(2) 16657(1) 18217(2) 19816(1) 20805(2) 20950(2)
28184;13;18;31;595(2) 604(2) 971(2) 1343(2) 1481(1) 2415(1) 2908(1) 3073(2) 3283(1) 3401(2) 3467(2) 3477(1) 3713(1) 6598(1) 7105(2) 7492(2) 7585(2) 7649(2) 8426(1) 8435(1) 10008(2) 10522(1) 12910(2) 13342(2) 15870(1) 18863(2) 19140(2) 19403(1) 19406(2) 19497(2) 19836(1)
29468;14;17;31;847(2) 1845(2) 2598(2) 4676(1) 5497(1) 5504(2) 6480(1) 7318(2) 7421(2) 8383(1) 8526(2) 8979(1) 9099(2) 9851(2) 10141(1) 12352(2) 12398(2) 12480(1) 13529(1) 13569(2) 13582(2) 17696(2) 17737(1) 17892(1) 18007(1) 18094(2) 18590(2) 19115(1) 20087(1) 20094(2) 20104(1)
637;15;16;31;193(2) 343(2) 594(1) 1335(1) 1492(2) 2018(2) 2662(2) 2904(1) 3271(2) 3705(1) 4778(2) 4933(1) 5729(1) 6185(1) 7871(1) 7885(1) 7887(2) 9014(1) 9260(1) 9304(1) 11290(2) 11619(1) 11754(1) 12991(2) 13188(2) 13855(2) 13933(2) 14556(2) 14909(2) 15543(2) 16122(1)
13458;17;14;31;1114(2) 2332(1) 3896(1) 5875(2) 8834(1) 9867(2) 10242(1) 10306(1) 10307(2) 10430(2) 10987(1) 11914(2) 12141(1) 12877(1) 13105(2) 13385(1) 13391(1) 14064(1) 14066(1) 14142(2) 15183(1) 15650(2) 15736(1) 15742(1) 16041(2) 16254(2) 16808(2) 18613(1) 19577(2) 19979(2) 21043(1)
26209;9;22;31;597(2) 4194(2) 4522(2) 5174(2) 5926(2) 6117(2) 6121(1) 6163(1) 6814(2) 8389(2) 8636(2) 9086(2) 9191(2) 9344(2) 10473(2) 11181(1) 11797(2) 12737(2) 13060(2) 14056(2) 14522(2) 15388(2) 15496(1) 15825(1) 16425(1) 17252(2) 18640(2) 19064(2) 20081(1) 20096(1) 20105(1)
10093;2;29;31;831(2) 1248(2) 2023(2) 2412(2) 2807(2) 3088(2) 3221(2) 3347(2) 3563(2) 3841(1) 4878(2) 6848(2) 6895(2) 7214(2) 8107(2) 8113(2) 8424(2) 8759(2) 8807(2) 9144(2) 10151(2) 10172(2) 10689(1) 13162(2) 15040(2) 17438(2) 17609(2) 18869(2) 19098(2) 20242(2) 20795(2)
26113;4;27;31;274(2) 780(2) 913(2) 2911(2) 4260(2) 5032(2) 6894(2) 7029(2) 8505(2) 8566(2) 9276(2) 9498(2) 9687(2) 11607(2) 11919(2) 11924(2) 12202(2) 12282(2) 13499(2) 16682(2) 16711(2) 16713(1) 17671(1) 17738(2) 17779(2) 18007(1) 18381(2) 18765(1) 19390(2) 19795(2) 20843(2)
8441;8;23;31;919(2) 1008(2) 1409(2) 2014(2) 3730(2) 4718(2) 5062(2) 5992(2) 6337(1) 8005(2) 9399(2) 9490(2) 10322(2) 10575(1) 10602(2) 11050(2) 11699(2) 12520(1) 12907(1) 13169(2) 13281(2) 13510(1) 13842(1) 14924(2) 15137(2) 15948(1) 16553(2) 17271(2) 18055(2) 19501(2) 21222(1)
36143;17;14;31;235(1) 1233(1) 2415(1) 2964(1) 3044(1) 3842(2) 3913(1) 3916(2) 3939(2) 4505(2) 4675(2) 6511(2) 7689(1) 8289(2) 8426(1) 9951(2) 10645(2) 11629(1) 12459(2) 12609(2) 12864(2) 14559(1) 14672(2) 14960(1) 15087(2) 15870(1) 15962(1) 16607(1) 16624(1) 19834(1) 20847(1)
15441;2;29;31;1024(2) 2110(2) 2307(2) 2327(2) 3116(1) 3894(2) 4714(2) 5630(2) 7233(2) 7654(2) 8365(2) 8554(2) 9020(2) 9232(2) 9625(2) 9806(2) 10592(2) 10835(2) 10974(2) 11000(2) 11158(2) 11160(2) 11282(2) 11612(2) 13328(1) 13400(2) 15919(2) 15928(2) 18995(2) 19704(2) 20911(2)
30657;10;21;31;688(2) 4091(2) 4543(2) 5744(1) 5775(2) 7238(2) 7247(2) 7342(2) 7535(1) 7814(2) 7966(1) 7995(1) 8211(1) 8538(2) 9600(1) 10287(2) 10308(1) 10335(2) 10441(1) 11864(2) 11865(2) 12349(2) 12468(1) 13521(2) 14242(2) 15013(1) 15025(2) 16378(2) 16663(2) 17980(2) 18431(2)
11318;21;10;31;235(2) 1190(1) 2415(1) 3044(1) 3479(2) 3913(1) 3994(1) 4446(2) 4497(1) 4613(1) 5681(1) 6714(1) 7659(1) 7688(2) 8409(2) 8557(2) 9055(1) 9362(1) 9383(1) 10484(1) 11083(1) 11855(1) 13107(1) 13420(1) 14123(2) 16740(2) 18774(2) 19235(1) 21153(1) 21235(2) 21256(1)
62571;15;16;31;1871(2) 2340(2) 2573(2) 3071(2) 3978(1) 4690(1) 4837(2) 5251(1) 6480(2) 6673(1) 7269(1) 8786(1) 8804(1) 9285(1) 11255(2) 12549(1) 13529(1) 15948(1) 17737(1) 17764(1) 18007(1) 18047(2) 18881(2) 18996(2) 19491(2) 19999(2) 20029(2) 20079(2) 20104(1) 20953(2) 20954(2)
10764;7;24;31;1040(2) 1419(1) 1564(2) 2599(2) 3592(2) 3854(2) 4035(2) 4350(2) 5154(2) 5637(1) 6631(1) 6756(1) 7351(1) 8776(2) 8978(2) 10171(2) 10398(2) 10421(2) 10648(2) 12542(2) 13856(1) 14740(2) 15508(2) 16263(2) 16496(2) 17149(2) 17641(2) 20153(2) 20250(1) 20263(2) 20417(2)
7489;7;23;30;433(1) 443(1) 554(2) 3703(1) 3807(2) 3818(2) 3968(2) 4726(2) 4812(1) 8049(2) 8064(2) 8211(2) 9885(2) 10827(2) 11167(1) 11642(2) 11847(2) 12018(2) 13077(2) 13378(2) 13535(2) 15237(2) 15252(2) 16812(2) 18439(1) 19654(2) 19762(1) 20586(2) 21046(2) 21086(2)
17909;15;15;30;3(1) 4(1) 627(1) 1121(1) 1554(1) 3978(1) 4540(2) 4884(2) 6423(2) 7785(1) 7791(2) 8775(1) 8837(1) 9415(2) 9614(2) 10043(2) 11570(2) 12598(2) 14301(2) 14333(2) 14427(1) 15071(1) 15399(2) 16220(2) 16306(1) 16375(1) 17994(2) 18007(1) 19818(1) 20107(2)
10119;19;11;30;232(1) 377(2) 1013(2) 1172(1) 1181(2) 2415(1) 4132(1) 4618(1) 5681(1) 5791(2) 6577(1) 6691(2) 9161(1) 9362(1) 9383(1) 11355(1) 11427(2) 11679(1) 11736(2) 11876(1) 12182(2) 13368(1) 16062(2) 17962(2) 18364(1) 19234(1) 19235(1) 19605(1) 20999(2) 21027(1)
39099;19;11;30;4089(1) 5054(2) 5144(1) 5603(1) 5889(1) 5920(2) 6353(2) 6406(1) 8426(1) 8569(1) 9949(1) 10907(1) 11230(1) 11684(2) 11907(2) 12048(2) 12467(1) 12873(2) 12874(2) 13634(2) 14119(2) 14681(1) 15647(1) 15870(1) 16442(1) 16471(2) 16603(1) 16607(1) 20397(1) 20847(1)
1105;3;27;30;1153(2) 1563(2) 1573(2) 2984(2) 3649(2) 3834(2) 3957(2) 3992(2) 5275(1) 6092(2) 7457(1) 8484(2) 9458(2) 9776(2) 9816(2) 11706(2) 13384(2) 14343(2) 14538(2) 14616(2) 14892(2) 17205(2) 17465(2) 17610(2) 17999(2) 19817(1) 20174(2) 20988(2) 21236(2) 21261(2)
8331;4;26;30;3324(2) 3512(2) 5758(2) 5778(2) 6337(2) 6427(2) 7113(2) 8522(2) 8525(2) 8855(2) 9165(2) 9351(2) 10550(2) 10575(1) 10631(2) 11365(2) 12520(2) 13842(2) 14846(2) 15913(1) 16554(2) 17091(1) 17739(1) 18630(2) 18683(2) 19104(2) 19878(2) 19884(2) 20146(2) 21222(2)
31240;15;15;30;348(2) 794(1) 1747(2) 2248(1) 3714(1) 5681(1) 6710(2) 7081(1) 7563(1) 8426(1) 8498(1) 9309(1) 9574(2) 9622(2) 11629(1) 11725(1) 11835(2) 15870(1) 17613(2) 17677(1) 18714(2) 18902(2) 19068(2) 19313(2) 19669(2) 19997(1) 20198(1) 20402(2) 21126(2) 21276(2)
33060;22;8;30;232(1) 794(1) 2079(1) 3551(2) 4060(1) 4618(1) 4698(1) 4903(2) 5014(1) 5681(1) 8167(2) 8205(1) 9143(1) 9362(1) 9383(1) 9570(1) 10711(2) 11263(1) 11852(2) 11857(1) 11927(1) 13882(2) 14692(2) 15090(1) 16535(1) 17122(1) 20055(1) 20665(2) 20676(1) 20847(1)
7546;7;23;30;2235(2) 2285(2) 2560(2) 6350(2) 7895(2) 8241(2) 8311(2) 8921(1) 9779(1) 11322(2) 11351(1) 11776(2) 12544(2) 12664(2) 12875(2) 14058(2) 14763(1) 14860(2) 15086(1) 15338(1) 15436(2) 15458(2) 15548(2) 15549(2) 15924(2) 15952(2) 16297(1) 16490(2) 18993(2) 19874(2)
37903;16;14;30;16854(1) 16879(1) 16906(1) 16958(1) 16962(1) 16973(2) 16989(2) 17052(2) 17200(1) 17423(1) 17530(2) 17558(1) 17684(1) 17935(2) 18024(2) 18157(2) 18171(1) 18297(1) 18345(1) 18427(2) 18562(1) 18655(2) 18851(2) 19437(1) 19791(2) 20113(1) 20145(2) 20484(2) 20794(1) 20934(2)
30142;16;14;30;852(1) 1400(2) 1404(1) 1448(1) 1451(2) 1483(2) 1576(2) 1611(2) 1995(2) 3553(2) 4257(1) 4322(1) 6045(1) 6973(2) 7835(1) 8102(1) 9349(2) 10551(1) 10577(2) 10599(2) 11727(1) 12543(1) 13033(1) 14592(2) 15302(2) 15741(2) 15948(1) 16297(1) 17089(1) 19115(1)
33608;15;15;30;861(2) 1002(2) 1056(1) 1193(1) 2393(1) 4537(1) 4857(1) 5102(1) 5632(1) 6070(2) 6773(1) 7369(2) 7370(2) 8158(1) 8507(2) 9696(2) 10112(2) 10243(1) 11012(1) 11151(1) 12799(2) 15150(1) 16087(1) 16717(2) 19048(2) 19599(2) 20118(2) 20119(2) 20512(1) 20723(2)
95126;22;8;30;898(1) 1043(2) 2455(2) 2780(2) 3159(1) 3711(2) 3896(1) 4630(1) 5139(1) 5363(1) 7526(2) 8287(2) 8731(1) 9287(1) 9848(2) 10425(1) 11186(1) 11351(1) 11887(1) 12145(1) 12719(1) 14041(1) 15942(1) 15948(1) 15980(1) 16089(1) 16387(1) 16438(1) 17161(2) 20847(1)
38869;14;16;30;620(2) 1096(2) 1978(2) 2332(1) 2471(1) 3978(1) 3993(2) 5684(2) 6087(2) 6923(2) 6939(2) 8134(1) 11026(1) 11952(1) 12118(2) 12406(2) 13404(2) 13529(1) 15172(2) 15948(1) 16342(1) 16590(1) 17463(2) 17504(2) 19115(1) 19757(1) 19995(1) 20846(1) 21142(2) 21209(2)
11517;12;17;29;266(1) 599(2) 640(1) 943(2) 1491(1) 2480(2) 2481(1) 2556(2) 2675(2) 3436(2) 4316(2) 4832(1) 5960(2) 7148(1) 7828(2) 8618(1) 9103(2) 9125(2) 9824(1) 10524(1) 11555(1) 12522(2) 12523(2) 16681(2) 16703(2) 17575(1) 18567(1) 20631(2) 20640(2)
28341;16;13;29;1177(2) 1758(1) 2357(1) 2471(1) 3226(1) 3932(2) 5411(2) 5900(2) 6204(1) 6541(2) 6602(2) 6773(1) 7614(2) 8134(1) 10009(1) 10791(2) 11045(1) 11843(1) 12135(2) 14078(2) 14140(1) 14647(1) 14836(1) 17139(1) 17500(2) 19211(2) 20709(1) 20714(1) 20753(2)
545;1;28;29;89(2) 171(2) 213(2) 608(2) 1865(2) 3716(2) 4148(2) 4845(2) 5100(2) 6518(2) 6556(2) 7217(1) 7829(2) 8310(2) 9568(2) 9695(2) 9705(2) 10269(2) 10459(2) 10546(2) 10566(2) 11758(2) 11904(2) 13515(2) 14120(2) 15906(2) 18519(2) 20247(2) 20355(2)
7688;14;15;29;508(2) 637(2) 1233(1) 1435(2) 3874(2) 3936(2) 5161(2) 6975(2) 7813(2) 8864(1) 11342(1) 13686(2) 13950(2) 14584(2) 15656(1) 15757(1) 15962(1) 17815(2) 18379(1) 18465(2) 19071(1) 19566(1) 19607(1) 20063(2) 20615(1) 20774(1) 21198(2) 21256(1) 21258(1)
28850;19;10;29;3(1) 11(1) 21(1) 42(1) 44(2) 53(1) 70(1) 73(1) 3978(1) 5250(1) 5351(2) 5612(2) 6258(2) 6490(1) 6673(1) 7033(2) 8991(1) 9285(2) 10115(2) 11682(1) 11863(1) 14133(2) 14246(1) 14435(2) 15948(1) 16248(2) 16375(1) 17302(1) 19115(1)
105020;16;13;29;280(1) 1193(1) 2415(1) 2674(2) 4537(1) 5505(1) 6022(1) 7384(2) 7979(2) 9204(2) 9849(1) 10398(1) 11356(2) 11383(2) 11816(2) 13033(1) 13151(1) 14069(2) 14263(2) 15084(1) 15230(2) 16543(2) 17781(2) 17856(2) 18007(1) 19211(1) 19392(1) 19477(1) 20268(1)
44098;18;11;29;3(1) 1193(1) 1282(2) 2439(1) 2471(1) 2942(1) 4557(2) 5102(1) 5690(2) 6294(2) 7087(1) 9227(2) 9407(2) 10216(2) 11300(1) 11515(1) 11793(1) 14858(2) 15245(1) 15948(1) 16010(1) 17302(1) 18007(1) 18289(2) 18398(2) 18474(1) 19392(1) 19601(1) 20564(2)
2;0;29;29;684(2) 912(2) 1447(2) 1827(2) 2049(2) 2452(2) 4170(2) 4634(2) 6641(2) 7316(2) 7824(2) 8390(2) 9661(2) 10563(2) 12668(2) 12897(2) 12999(2) 13156(2) 13253(2) 14002(2) 14047(2) 14322(2) 15515(2) 15691(2) 16143(2) 16629(2) 17536(2) 17623(2) 21047(2)
16937;11;18;29;940(1) 1948(1) 2210(1) 2823(1) 4254(2) 4282(2) 5266(2) 7268(1) 7347(2) 7832(2) 8115(2) 9769(2) 9840(2) 10831(1) 12089(2) 13106(2) 13778(2) 13779(2) 13888(2) 13968(1) 14997(2) 15633(1) 16957(2) 17269(1) 19559(1) 20056(2) 20442(2) 20469(2) 20546(1)
287;22;7;29;490(2) 2335(1) 4021(1) 5681(1) 7448(1) 9949(1) 9987(1) 10971(1) 11305(1) 11448(2) 11895(2) 12851(2) 12888(1) 13307(2) 13648(1) 13872(1) 14135(1) 14681(1) 14780(1) 15385(2) 15507(1) 15657(1) 16141(1) 16593(1) 16603(1) 19218(1) 19871(2) 20381(1) 21273(1)
35625;19;10;29;235(1) 794(1) 806(1) 2025(1) 2415(1) 3044(1) 3557(1) 3593(1) 4569(1) 5116(2) 5681(1) 5952(2) 6022(1) 8417(2) 8418(2) 8426(1) 9343(2) 9849(2) 11789(1) 11879(2) 12293(1) 14520(2) 15656(1) 15870(1) 17005(1) 17708(2) 19152(2) 19886(1) 20962(1)
94400;17;12;29;785(2) 3140(2) 3159(1) 5139(1) 6444(1) 7280(2) 8731(1) 9949(1) 10480(2) 10781(2) 12145(1) 13298(2) 13423(2) 14041(1) 14150(1) 15099(2) 15224(2) 15922(1) 15948(1) 16221(1) 16297(1) 16452(1) 17142(1) 18347(1) 19688(2) 20892(2) 20898(1) 20899(2) 20909(1)
75035;21;8;29;541(1) 1514(2) 1702(1) 2831(1) 3039(2) 3697(1) 4257(1) 4449(1) 5754(1) 7385(1) 7673(1) 8118(1) 8567(1) 8583(1) 9071(2) 9623(2) 10551(1) 10561(1) 12424(2) 13033(1) 13196(2) 14640(2) 14802(1) 15084(1) 16407(1) 16465(2) 17194(1) 18230(1) 18453(1)
23418;8;21;29;1193(1) 5621(2) 7579(2) 8327(2) 10161(2) 11189(1) 11294(1) 11826(2) 12113(2) 12206(2) 12857(2) 13103(2) 13135(2) 14553(1) 14647(1) 15139(1) 16357(2) 16498(2) 16527(2) 16528(2) 16545(2) 16710(2) 18007(1) 18239(2) 18332(2) 18422(2) 18494(2) 18767(2) 19115(1)
5374;17;11;28;245(2) 1485(1) 2130(2) 2332(1) 3896(1) 4785(1) 5530(1) 5543(1) 6167(2) 6190(1) 7288(1) 8618(1) 8730(1) 10241(2) 10776(2) 10907(2) 11861(1) 12102(1) 12131(2) 13083(1) 13611(2) 13626(1) 14157(2) 15473(1) 16148(1) 17605(2) 18594(1) 21191(2)
20406;15;13;28;1162(1) 1907(1) 2113(2) 3552(1) 4131(2) 4404(1) 4592(1) 4810(2) 4862(2) 6115(1) 7628(2) 7636(2) 8017(1) 8659(2) 9292(2) 9348(2) 9652(2) 10070(1) 10203(2) 11575(1) 11964(1) 12249(1) 12791(1) 15144(2) 17137(1) 18596(1) 19089(1) 20342(2)
42375;10;18;28;736(2) 3095(2) 3458(2) 4267(1) 5989(1) 6037(2) 7010(2) 7541(2) 7756(2) 8059(2) 10067(2) 10393(2) 11200(2) 12172(2) 12762(2) 12956(1) 13758(2) 14085(1) 14221(2) 14690(1) 15520(1) 15926(2) 16272(2) 16638(2) 18079(1) 20584(1) 20585(1) 21064(1)
10923;19;9;28;235(1) 794(1) 2415(1) 4071(1) 4206(2) 4284(1) 4618(1) 6022(1) 6085(2) 6761(1) 7135(1) 8426(1) 10250(1) 10474(1) 11283(1) 11842(2) 12326(2) 13336(2) 15752(2) 15870(1) 15962(1) 19080(1) 19112(1) 19117(1) 19321(2) 19536(1) 19723(2) 21211(2)
32640;4;24;28;313(2) 1942(2) 2420(2) 2663(2) 2715(2) 2725(2) 2727(2) 2728(2) 2729(2) 3070(2) 3978(1) 4616(2) 4617(2) 6673(1) 6908(2) 7161(2) 9059(2) 9076(1) 9793(2) 10448(2) 11515(1) 11577(2) 11582(2) 12240(2) 13176(2) 13655(2) 17165(2) 18582(2)
24335;14;14;28;3(1) 18(1) 49(1) 67(2) 68(2) 77(2) 1121(1) 1554(1) 1557(2) 2872(1) 3978(2) 5881(2) 6420(2) 6673(1) 7734(2) 11583(2) 13949(2) 14301(1) 15071(1) 15845(2) 16375(1) 17167(2) 17302(1) 17737(1) 18007(1) 18680(2) 19115(1) 19242(2)
13614;18;10;28;566(2) 1772(2) 2106(2) 6417(2) 10344(1) 10518(2) 10854(1) 11748(1) 11911(1) 11914(1) 12141(1) 12750(2) 12877(1) 13051(1) 13256(1) 13296(2) 13361(2) 13385(1) 15183(1) 15551(1) 15650(1) 15736(1) 16332(2) 16808(1) 16809(1) 17090(2) 19989(1) 21043(1)
26692;16;12;28;464(2) 472(2) 873(2) 895(2) 1758(1) 2711(1) 2796(2) 3270(2) 3367(2) 3485(2) 4362(1) 4674(2) 4715(1) 7329(2) 8068(1) 8426(1) 9408(2) 10185(1) 11242(1) 11431(1) 11629(1) 11723(2) 11725(1) 12231(1) 15760(1) 15870(1) 19122(1) 19833(1)
8465;5;23;28;389(2) 2029(2) 5773(2) 7748(2) 9476(2) 10170(2) 10399(2) 11203(2) 11617(2) 11760(2) 13000(2) 13831(2) 13923(2) 14476(1) 14907(1) 15584(2) 15615(2) 15764(2) 15831(2) 16490(1) 17587(2) 17631(2) 19164(2) 19389(2) 20733(2) 20826(1) 21028(2) 21224(1)
10490;14;14;28;1404(1) 2851(2) 3444(2) 3695(2) 4611(2) 5014(1) 5144(2) 5533(2) 5808(2) 6266(2) 8019(1) 8426(1) 8694(2) 10643(1) 11189(1) 11230(1) 11889(2) 12293(1) 12467(1) 12756(1) 12823(2) 13202(2) 14553(1) 15870(1) 17608(2) 19886(2) 20847(1) 20962(1)
12076;6;22;28;911(2) 1298(2) 1389(2) 2848(2) 2867(2) 3483(2) 3819(2) 4140(1) 4490(1) 4546(2) 4855(2) 6726(1) 7013(2) 7108(1) 8877(2) 9473(2) 10175(2) 11662(2) 11717(2) 11743(2) 12562(2) 13110(2) 14262(1) 15642(2) 15734(1) 16562(2) 16732(2) 18362(2)
43852;15;13;28;110(2) 500(1) 690(2) 1430(2) 2263(2) 4760(1) 5190(2) 5558(2) 5846(2) 6380(1) 6940(1) 7268(1) 8046(2) 8811(1) 10538(2) 10752(1) 11454(1) 11858(1) 12293(1) 12499(1) 12614(2) 13961(1) 14073(1) 14410(1) 15378(2) 16634(2) 17331(1) 20372(2)
36162;16;12;28;617(2) 1294(2) 1652(2) 1976(2) 2073(2) 3211(1) 4437(1) 4514(1) 4618(1) 4734(1) 4820(2) 5014(1) 5681(1) 5942(2) 5951(1) 6296(2) 6453(2) 9383(1) 10129(1) 11597(2) 13270(1) 16624(1) 18793(2) 19074(1) 19235(1) 19248(1) 19537(2) 19712(1)
47601;15;13;28;904(1) 4031(2) 4037(2) 4290(1) 4310(1) 5074(1) 5745(1) 7428(2) 7602(2) 7815(1) 8773(1) 8777(2) 9011(1) 9421(1) 9450(1) 11423(2) 12373(2) 12618(2) 13660(2) 14025(1) 15261(2) 16986(1) 17055(1) 19119(1) 19720(1) 20445(2) 20572(2) 20766(2)
19541;7;21;28;159(1) 468(1) 1439(2) 1661(2) 1967(2) 3327(2) 6436(2) 6727(2) 6768(2) 6986(2) 7570(1) 9792(1) 10072(2) 11133(1) 11323(2) 11569(2) 11586(2) 11913(1) 12807(2) 14371(2) 14396(2) 14625(2) 15030(1) 15754(2) 16261(2) 16790(2) 18448(2) 18830(2)
274;2;25;27;587(2) 4281(2) 4496(2) 8426(2) 10334(2) 10537(2) 10931(2) 11191(2) 11606(2) 11629(1) 12425(2) 12815(2) 12820(2) 12825(2) 12840(2) 12957(2) 13272(2) 13415(2) 13814(2) 13959(2) 14489(2) 15079(2) 15554(2) 15870(1) 21176(2) 21186(2) 21192(2)
14742;18;9;27;471(2) 1404(1) 1448(1) 2834(2) 5249(1) 9287(1) 9779(1) 9949(1) 10492(2) 10551(1) 10615(2) 11481(2) 11727(1) 12145(1) 13370(1) 13658(1) 13862(2) 14281(1) 14388(2) 15922(1) 15933(2) 15948(1) 16063(2) 16297(1) 16407(1) 19115(1) 20847(1)
17224;7;20;27;1303(2) 1371(2) 1373(2) 1448(1) 1702(1) 1893(2) 3053(2) 3478(2) 4018(2) 4502(1) 4537(1) 5643(2) 5895(1) 7090(2) 7744(2) 7778(2) 8392(2) 9174(2) 12294(1) 13033(1) 13881(2) 15684(2) 17688(2) 19160(2) 19209(2) 20852(2) 20853(2)
15101;1;26;27;1465(2) 1819(2) 3318(2) 3434(2) 4537(1) 6068(2) 7014(2) 8941(2) 9067(2) 10218(2) 10319(2) 10320(2) 11062(2) 11118(2) 11601(2) 11711(2) 11718(2) 11921(2) 13174(2) 14896(2) 15186(2) 16963(2) 17570(2) 18563(2) 19015(2) 19392(2) 20872(2)
16693;11;16;27;433(2) 443(2) 628(2) 1415(2) 3704(2) 4726(1) 5728(2) 6735(1) 7193(2) 7315(2) 8207(2) 8211(1) 10094(2) 10705(2) 11167(2) 11189(1) 11625(2) 12018(1) 12022(2) 12682(1) 15114(1) 18439(1) 18738(1) 19654(1) 19761(1) 19762(2) 19764(2)
7071;2;25;27;4555(2) 6628(2) 16830(2) 16849(2) 16879(1) 16906(2) 16977(2) 17050(2) 17128(2) 17185(2) 17234(2) 17251(2) 17361(2) 17392(2) 17421(2) 17660(2) 17682(1) 17946(2) 18480(2) 19770(2) 19773(2) 19789(2) 19896(2) 20113(2) 20368(2) 20629(2) 20794(2)
5393;0;27;27;437(2) 1860(2) 5708(2) 5709(2) 6205(2) 6341(2) 6342(2) 7393(2) 7394(2) 7395(2) 7755(2) 8259(2) 8539(2) 8913(2) 9029(2) 9384(2) 9536(2) 9580(2) 10958(2) 12246(2) 13649(2) 14118(2) 15151(2) 15152(2) 16891(2) 16935(2) 18090(2)
10201;17;10;27;282(2) 588(1) 714(2) 2000(1) 2037(2) 2200(2) 2583(1) 4843(2) 6080(1) 6310(2) 6312(1) 6488(2) 6639(1) 6937(1) 7351(1) 8601(1) 8805(1) 8921(1) 10262(2) 11059(1) 11856(2) 13267(2) 15948(1) 18135(1) 18145(1) 20780(1) 20781(1)
7166;4;23;27;1561(2) 3808(2) 8011(1) 17256(2) 17330(2) 17446(2) 17925(2) 18008(2) 18041(2) 18071(2) 18072(2) 18097(1) 18264(2) 18367(2) 18439(2) 18510(2) 18592(2) 18606(2) 18634(1) 18651(2) 18686(2) 18904(2) 18930(2) 18957(1) 18971(2) 18984(2) 21234(2)
40232;6;21;27;899(2) 1006(2) 2976(2) 3363(2) 5051(2) 5127(2) 6113(2) 6121(2) 6163(1) 10473(1) 10765(2) 11181(2) 12689(2) 12737(1) 12858(2) 13126(2) 14026(2) 14098(2) 14522(1) 15496(1) 15825(1) 16425(2) 16570(2) 19567(2) 19929(2) 20081(2) 20096(2)
96866;11;16;27;409(2) 974(2) 1755(2) 2096(1) 3189(2) 3202(1) 3240(2) 3307(2) 4670(2) 4825(2) 6679(2) 7237(2) 8391(2) 9116(2) 9258(1) 11891(2) 12145(1) 15774(2) 15775(2) 15948(1) 16003(1) 16590(1) 17015(1) 18643(1) 19296(2) 20609(1) 20620(1)
12769;13;14;27;214(1) 576(2) 641(2) 884(2) 1748(2) 1762(2) 1963(2) 2806(1) 2904(1) 2950(2) 2997(2) 3174(2) 3888(2) 4129(1) 4263(2) 4643(1) 4975(1) 5729(1) 6185(1) 8018(1) 9304(1) 11098(2) 11898(1) 11979(2) 12495(2) 18379(1) 20846(1)
43641;19;8;27;2225(1) 2357(1) 3226(1) 4266(2) 5102(1) 5250(1) 6071(1) 6773(1) 7666(2) 7857(1) 8134(1) 8173(2) 8664(2) 10507(2) 10552(1) 12056(2) 13033(1) 13614(2) 13958(1) 15150(1) 15969(1) 16005(1) 19115(1) 20512(1) 20720(2) 20748(1) 20773(1)
65064;14;13;27;1148(1) 2027(2) 2204(2) 2276(2) 3389(1) 4014(1) 5681(1) 6927(2) 7671(1) 7902(2) 10111(2) 11135(2) 12380(1) 12642(1) 14228(2) 16825(1) 17594(1) 18028(2) 18314(2) 18659(1) 18977(2) 19817(1) 20129(1) 20410(2) 20412(2) 20438(1) 21186(1)
52006;15;12;27;527(2) 1683(2) 2688(2) 3023(1) 3430(1) 4014(1) 4496(1) 5681(1) 6568(2) 8422(1) 8426(1) 8741(2) 9161(1) 11627(1) 11936(1) 12642(2) 14465(1) 14535(2) 14892(1) 15870(1) 16083(2) 16551(1) 16825(2) 17499(1) 17950(2) 18396(2) 21254(2)
39740;13;14;27;3649(1) 3652(1) 4636(1) 5816(2) 5963(2) 7009(2) 7026(2) 7301(1) 7457(1) 7681(2) 10014(2) 12380(1) 13170(2) 16841(2) 17253(2) 17610(1) 17635(1) 17647(2) 17725(1) 18623(2) 18777(2) 18981(1) 19807(1) 20174(1) 20959(2) 21236(1) 21262(2)
11503;11;15;26;266(2) 312(2) 423(2) 640(1) 943(1) 1491(2) 2150(2) 2480(1) 2481(2) 2485(2) 2675(1) 2926(1) 4832(2) 5243(1) 7148(1) 8618(1) 9663(2) 9824(1) 10524(2) 11761(2) 12523(1) 16275(2) 17575(2) 18567(2) 20006(2) 20630(1)
9344;0;26;26;4(2) 1121(2) 1554(2) 2080(2) 2872(2) 3514(2) 4574(2) 7787(2) 7790(2) 8775(2) 9373(2) 10219(2) 11099(2) 12960(2) 13458(2) 13531(2) 13678(2) 14427(2) 14747(2) 15071(2) 15457(2) 15479(2) 17068(2) 18007(2) 19818(2) 21101(2)
5825;6;20;26;557(2) 582(2) 2888(2) 3549(2) 3817(2) 4601(2) 5241(2) 5762(2) 6211(2) 8731(1) 8993(2) 8995(2) 9287(1) 9900(1) 10012(2) 11153(2) 13980(2) 15198(2) 15799(2) 15948(1) 16213(2) 16276(2) 16486(2) 17820(2) 20846(1) 20847(1)
9963;17;9;26;713(2) 778(1) 965(1) 1318(1) 4582(2) 5834(2) 6022(1) 8506(2) 9383(1) 10580(1) 10682(2) 11342(1) 11837(2) 12552(2) 12595(1) 14053(1) 15291(1) 15644(2) 15698(1) 17346(1) 19071(1) 19235(1) 19566(1) 19686(1) 20615(1) 21194(2)
9914;11;15;26;3059(1) 3277(1) 3855(1) 4928(2) 5291(2) 5416(2) 5418(1) 5423(2) 5699(2) 6809(2) 7103(1) 7624(1) 8698(2) 10120(2) 11072(2) 13562(2) 13581(1) 13672(2) 14244(1) 14777(2) 15354(2) 15985(2) 16697(1) 17385(1) 17868(2) 18581(1)
1198;0;26;26;393(2) 1920(2) 1977(2) 2201(2) 2701(2) 2749(2) 3153(2) 4042(2) 5164(2) 5584(2) 6313(2) 6507(2) 8159(2) 8512(2) 8551(2) 10769(2) 12177(2) 14711(2) 14712(2) 14934(2) 15682(2) 16274(2) 17622(2) 17773(2) 17807(2) 18461(2)
19900;17;9;26;104(2) 188(2) 235(1) 794(1) 1517(2) 2415(1) 3044(1) 6022(1) 6997(2) 8206(1) 8426(1) 8482(2) 10284(2) 10643(1) 11836(1) 12293(1) 12328(1) 15450(1) 15870(1) 18735(2) 18840(1) 19074(1) 19112(1) 19676(2) 19828(2) 21120(1)
3;0;26;26;759(2) 1358(2) 1490(2) 2462(2) 5376(2) 6687(2) 7251(2) 7738(2) 7889(2) 10130(2) 10508(2) 11554(2) 12037(2) 12310(2) 12670(2) 12707(2) 13025(2) 13133(2) 13466(2) 13788(2) 13965(2) 14811(2) 16294(2) 19473(2) 20994(2) 21224(2)
26751;18;8;26;722(1) 1196(1) 1617(2) 2940(1) 4602(2) 4658(2) 4700(1) 4734(1) 5454(1) 5681(1) 6200(2) 7036(1) 7169(1) 7182(2) 8426(1) 12529(2) 12535(1) 12882(1) 13029(1) 14681(1) 15870(1) 16526(2) 16627(1) 18504(1) 19307(2) 19540(1)
33951;17;9;26;691(1) 1233(1) 1340(1) 1795(1) 2188(1) 2433(2) 3044(1) 4307(1) 5415(2) 5627(2) 7079(2) 7304(1) 7749(2) 8687(1) 9262(2) 11528(1) 11712(1) 11977(1) 12515(1) 14547(2) 14990(1) 15538(1) 15962(1) 18379(1) 19472(2) 21229(2)
63048;12;14;26;1229(2) 1481(1) 2745(2) 3567(1) 3598(2) 3713(1) 5474(2) 6303(2) 6753(2) 7492(1) 7585(1) 9826(1) 10522(1) 13724(2) 14156(1) 15505(2) 15817(2) 18049(1) 18255(2) 19128(1) 19136(2) 19494(2) 19497(1) 19825(2) 19832(2) 19844(1)
20739;4;22;26;1037(2) 1338(2) 2351(2) 3631(2) 5393(2) 5705(2) 6027(2) 6139(1) 6513(2) 6749(2) 7252(2) 7362(2) 8273(2) 10213(2) 10521(2) 11066(1) 11325(2) 12254(2) 12894(2) 13903(1) 14576(2) 14972(2) 15903(1) 15949(2) 16784(2) 19035(2)
21625;20;6;26;114(2) 232(1) 332(1) 702(1) 1318(1) 2415(1) 3393(1) 4618(1) 5681(1) 6911(1) 7271(1) 7308(2) 9383(1) 9724(2) 10580(1) 11263(1) 11355(1) 13028(2) 17100(1) 17346(1) 18847(1) 19235(1) 20137(1) 20138(2) 20228(2) 20231(1)
22696;15;11;26;616(2) 726(2) 8963(2) 16854(1) 16926(1) 16976(2) 17033(1) 17116(1) 17168(1) 17208(2) 17242(1) 17296(2) 17297(1) 17410(1) 17416(2) 17580(1) 17588(1) 17595(1) 17729(1) 17831(1) 18103(2) 18577(1) 18725(2) 18837(1) 20354(2) 20515(2)
22659;4;22;26;7560(2) 16889(2) 16930(2) 17034(2) 17046(2) 17186(2) 17323(2) 17364(2) 17436(2) 17445(2) 17620(2) 17691(2) 17881(2) 18191(2) 18711(1) 19014(2) 19021(2) 19165(2) 19166(1) 19173(2) 19735(2) 20461(2) 20463(2) 20465(2) 20466(1) 20471(1)
15008;18;8;26;468(1) 1578(1) 2564(1) 3097(1) 4188(2) 7782(2) 7815(1) 8475(2) 8616(1) 9631(2) 9712(2) 9792(1) 11006(1) 11133(1) 11359(1) 12344(1) 12603(2) 15189(1) 16111(1) 19584(2) 19623(1) 19718(1) 19720(1) 19721(1) 19852(2) 20057(1)
54208;18;8;26;924(2) 1850(2) 1861(2) 2118(1) 3158(2) 3279(1) 4404(1) 5202(1) 6716(2) 7529(1) 7759(1) 8017(1) 8534(1) 8788(1) 11288(2) 11599(1) 11849(1) 11964(1) 12125(1) 13815(1) 14580(2) 15633(1) 15987(1) 16047(1) 16162(2) 19425(1)
432;0;25;25;623(2) 652(2) 1179(2) 1210(2) 1216(2) 1394(2) 1587(2) 1703(2) 1972(2) 2056(2) 2255(2) 3559(2) 7904(2) 8555(2) 9369(2) 9576(2) 9831(2) 17431(2) 17841(2) 17845(2) 18235(2) 18304(2) 19171(2) 19217(2) 19826(2)
2892;0;25;25;1066(2) 1068(2) 2176(2) 2647(2) 3344(2) 6330(2) 8895(2) 10380(2) 10381(2) 10382(2) 10383(2) 10384(2) 10773(2) 11375(2) 11663(2) 12053(2) 12124(2) 12637(2) 13292(2) 13406(2) 14292(2) 14386(2) 14643(2) 14805(2) 19977(2)
34335;14;11;25;594(1) 2411(2) 2806(1) 2948(2) 3044(1) 3505(2) 4100(2) 4129(1) 4307(1) 4461(1) 4972(2) 5729(1) 6185(1) 6818(2) 6843(1) 9295(2) 9304(1) 9572(2) 10032(1) 10629(2) 12515(1) 15568(1) 19203(1) 20850(2) 21135(2)
21596;5;20;25;243(2) 310(1) 338(2) 602(2) 1291(2) 1330(2) 1952(1) 2319(2) 4109(2) 4323(2) 5150(2) 5336(1) 5564(2) 5585(2) 5586(2) 5681(1) 6395(1) 7931(2) 8429(2) 8431(2) 10493(2) 10963(2) 11143(2) 11492(2) 12698(2)
1644;1;24;25;1840(2) 2804(2) 5726(2) 6280(2) 6362(2) 6461(2) 6760(2) 8831(2) 10573(2) 11651(2) 12809(2) 13986(2) 14202(2) 14400(2) 14476(2) 14567(2) 14907(2) 15154(2) 15190(2) 15339(2) 15577(2) 16253(2) 16294(1) 18749(2) 21200(2)
4475;9;16;25;794(1) 1652(1) 2415(1) 3381(2) 4047(2) 4113(2) 4178(2) 5014(1) 5951(2) 8426(1) 8792(2) 12043(2) 12044(1) 12293(1) 13329(2) 14310(2) 15014(2) 15755(2) 15870(1) 15966(2) 16231(2) 16480(2) 19334(2) 19534(2) 20847(1)
32613;14;11;25;550(1) 1396(2) 1401(2) 1471(2) 1478(2) 5436(1) 6045(1) 6047(1) 6901(1) 7794(2) 10605(1) 10667(1) 11037(1) 12464(2) 13370(1) 13969(1) 15173(1) 16862(2) 17699(1) 17960(2) 17996(1) 18915(2) 19180(2) 19196(2) 21064(1)
7522;9;16;25;1427(2) 8236(2) 8423(2) 9287(1) 9942(2) 10124(2) 10850(2) 10852(2) 11219(2) 12215(2) 13289(2) 13932(1) 14307(2) 14326(1) 14935(1) 15107(1) 15270(2) 15396(1) 15418(2) 15839(1) 15840(2) 15909(2) 15948(1) 16438(1) 17548(2)
50396;16;9;25;1145(2) 1517(1) 1702(1) 3053(1) 4537(1) 5895(1) 6735(1) 8278(1) 8543(2) 8594(2) 8693(1) 9300(1) 9745(1) 10081(2) 10328(1) 10608(2) 11233(2) 11703(1) 12847(1) 14604(2) 15902(2) 18288(2) 18469(1) 19392(1) 20852(1)
49286;13;12;25;159(2) 468(1) 2211(2) 3327(1) 3359(2) 4172(2) 5706(2) 7570(1) 8574(2) 11010(2) 11133(1) 11308(1) 11913(1) 12096(2) 13691(1) 14342(2) 15812(1) 16111(1) 18521(2) 19583(1) 19584(1) 19651(2) 19752(1) 19753(1) 21071(2)
26165;10;15;25;254(2) 1758(1) 2357(1) 5250(1) 5941(2) 6554(2) 7810(2) 7854(1) 9111(1) 9645(1) 10009(2) 10824(2) 11645(2) 13917(2) 13937(2) 14445(2) 14452(2) 14458(2) 14603(2) 14647(1) 14836(1) 15503(1) 17758(2) 19115(1) 20709(2)
67274;13;12;25;159(1) 1368(2) 1426(1) 1496(2) 2522(2) 2905(1) 3094(2) 4431(2) 5800(2) 5989(1) 7541(1) 7750(2) 10556(2) 11145(1) 11587(1) 11751(2) 13433(2) 13684(2) 14690(1) 15492(1) 16039(2) 18013(1) 19146(1) 20584(1) 21064(1)
43597;15;10;25;822(2) 1225(2) 1701(1) 1765(2) 2721(1) 4728(2) 6787(2) 7806(1) 8273(1) 8312(1) 8642(2) 8794(2) 9323(1) 10488(2) 11066(1) 11538(1) 14973(1) 15143(1) 15562(1) 15903(1) 16755(1) 16765(1) 16773(2) 16806(1) 18708(2)
7182;9;16;25;5866(2) 9128(2) 9287(1) 10882(2) 11154(2) 11844(1) 11939(2) 12156(2) 12715(1) 12786(2) 13613(2) 14936(1) 15168(2) 15656(1) 15920(2) 15948(1) 16185(2) 16438(1) 16447(2) 16687(2) 17985(2) 20115(1) 20434(2) 20847(1) 20878(2)
16758;11;14;25;468(1) 1948(2) 2696(1) 2823(2) 3903(2) 4828(2) 5202(1) 5651(2) 6115(1) 6171(1) 9034(2) 9035(2) 9036(2) 9268(2) 11133(1) 11575(1) 15633(1) 16747(1) 16752(1) 19546(2) 19547(2) 19628(1) 20058(2) 20059(2) 20549(2)
42529;12;12;24;354(2) 440(2) 957(1) 1217(1) 1854(1) 2405(2) 2454(2) 4537(1) 6673(1) 6735(1) 7499(2) 7929(2) 8528(2) 9300(1) 9748(2) 11294(1) 12872(2) 16334(1) 17502(2) 18118(2) 18125(2) 18405(1) 18580(1) 19392(1)
32088;13;11;24;2720(2) 2746(2) 3542(1) 4258(2) 5283(1) 5775(1) 7248(1) 7430(1) 7535(2) 7966(2) 7995(1) 8178(1) 9501(1) 9547(1) 10441(2) 12468(1) 12938(2) 13630(1) 14622(1) 15025(1) 15430(2) 15534(2) 15729(2) 18436(2)
17215;18;6;24;108(1) 1856(1) 2184(2) 3689(1) 5329(1) 5367(2) 5605(2) 6669(2) 6884(1) 7439(1) 9287(1) 9759(2) 9949(1) 10123(1) 10452(1) 10890(1) 10933(1) 11400(2) 12574(1) 13417(1) 14502(1) 15948(1) 20846(1) 20847(1)
36952;15;9;24;201(1) 1214(2) 1308(2) 1702(1) 2873(1) 3087(1) 3626(1) 3833(1) 4452(2) 4502(1) 4537(1) 5895(1) 7673(1) 8029(1) 8275(2) 9937(2) 12349(1) 13127(1) 14208(2) 16013(1) 18185(2) 18200(2) 19319(1) 20248(2)
47112;15;9;24;1356(2) 1702(1) 2873(1) 2941(1) 3626(1) 4502(1) 4537(1) 4691(2) 4935(2) 5895(1) 6735(1) 8265(2) 8592(2) 8693(1) 9126(1) 9745(1) 12349(1) 14466(2) 15785(2) 17669(2) 18469(1) 19392(1) 20809(1) 21117(2)
21642;4;20;24;979(2) 981(2) 994(2) 996(2) 1270(2) 5250(1) 5912(2) 5927(2) 6609(2) 8939(1) 9439(2) 9978(2) 10313(2) 10316(2) 10333(2) 10337(2) 11338(2) 14232(2) 14537(2) 14613(2) 15948(1) 16668(2) 18020(2) 19115(1)
39285;6;18;24;2221(2) 6368(2) 9414(2) 10625(2) 11145(2) 11587(2) 12058(2) 12141(1) 12189(2) 12487(2) 13292(1) 13385(1) 13982(2) 14418(2) 14528(2) 15321(2) 15957(1) 16017(2) 16750(1) 17511(2) 18447(2) 18517(2) 18587(2) 19262(1)
28602;6;18;24;2214(2) 3855(1) 4676(1) 5488(2) 5496(2) 5497(1) 6333(2) 8979(2) 10141(2) 11693(2) 12352(1) 12417(2) 12480(2) 17414(2) 17892(2) 18007(1) 18891(2) 18906(2) 19774(2) 20087(2) 20088(2) 20090(2) 20100(2) 20104(1)
25966;17;7;24;2612(2) 4089(1) 5681(1) 7082(1) 8426(1) 8842(2) 9949(1) 10872(1) 10907(1) 11953(1) 12300(2) 12354(2) 12357(1) 12804(2) 13029(1) 14135(1) 14681(1) 15507(1) 15870(1) 16021(1) 16084(2) 16141(1) 16603(1) 20775(2)
11012;2;22;24;958(2) 1482(2) 1702(1) 4525(2) 4537(1) 4812(2) 4951(2) 5962(2) 6735(2) 8713(2) 8720(2) 8722(2) 9379(2) 9590(2) 10529(2) 12470(2) 12885(2) 14469(2) 14897(2) 16217(2) 17374(2) 18274(2) 18738(2) 20579(2)
60094;9;15;24;1929(2) 2101(2) 2102(2) 2159(1) 2160(1) 2162(2) 2661(1) 2842(1) 3178(1) 3265(2) 3286(2) 3624(2) 3850(2) 3851(1) 5203(2) 5420(1) 5664(2) 6785(2) 7716(1) 8013(2) 8980(2) 15948(1) 16441(2) 16802(2)
6220;5;19;24;776(2) 1322(2) 2471(2) 3100(2) 3527(2) 5102(1) 5250(1) 5306(2) 6735(1) 7163(2) 7854(2) 8180(2) 8181(2) 8188(2) 11409(2) 12334(2) 13072(2) 14216(2) 15786(2) 16159(2) 16456(2) 17859(1) 18781(2) 19115(1)
28836;14;10;24;83(1) 468(1) 2564(1) 4207(1) 5233(1) 7570(1) 9422(2) 9545(1) 9738(1) 11133(1) 11913(2) 12665(1) 12676(2) 13316(2) 13901(2) 15030(1) 15210(2) 15812(1) 16811(2) 16820(2) 19581(2) 19718(1) 19752(1) 21085(2)
23229;14;10;24;372(1) 1960(2) 2247(2) 2540(1) 5529(2) 7045(1) 7151(2) 8958(1) 9347(2) 11537(2) 12366(1) 13493(1) 14111(2) 14602(1) 15333(1) 17891(1) 18130(1) 18691(2) 19212(2) 19644(1) 19657(1) 20064(1) 20416(2) 20430(1)
14173;4;20;24;921(2) 934(2) 940(2) 966(2) 4254(1) 7268(2) 8115(1) 9442(2) 9934(2) 10044(2) 10296(2) 10831(2) 12504(2) 13968(2) 14323(2) 15829(2) 16509(2) 16945(2) 19559(2) 19624(1) 19730(2) 20469(1) 20546(2) 21132(2)
10115;3;21;24;781(2) 1708(2) 1979(2) 2085(2) 2191(1) 3114(2) 4577(2) 6224(2) 6776(2) 7197(2) 8095(2) 9612(2) 9706(2) 10461(1) 10820(2) 12320(2) 13938(2) 13981(2) 15715(2) 15720(1) 17457(2) 18336(2) 20046(2) 20050(2)
40;0;24;24;583(2) 1209(2) 1545(2) 5156(2) 5317(2) 5842(2) 5890(2) 6685(2) 6697(2) 7607(2) 8331(2) 9211(2) 9592(2) 10173(2) 10751(2) 10763(2) 11709(2) 11762(2) 13334(2) 13505(2) 13570(2) 13809(2) 14462(2) 18597(2)
27888;5;19;24;2877(2) 5460(2) 5481(1) 5497(2) 7903(2) 9940(2) 10069(2) 10375(2) 10720(2) 12959(2) 12978(2) 13264(2) 13523(2) 13541(2) 13573(2) 13574(1) 13591(2) 13592(2) 13617(2) 13673(1) 13843(1) 15510(2) 16435(2) 17883(1)
77972;11;13;24;138(2) 468(1) 1169(2) 1272(2) 2259(2) 2873(1) 4537(1) 4750(2) 5450(2) 6162(2) 6443(2) 7049(2) 7593(1) 8103(1) 9032(2) 9300(1) 10092(2) 10581(1) 10955(1) 11210(2) 14416(2) 15706(1) 17628(1) 17996(1)
18545;2;22;24;670(2) 734(2) 2371(2) 3070(1) 3437(2) 5386(2) 5388(2) 5809(2) 7007(1) 7186(2) 7952(2) 8914(2) 8915(2) 8929(2) 9502(2) 9503(2) 10273(2) 11910(2) 14176(2) 14177(2) 16547(2) 17300(2) 17313(2) 19176(2)
25430;13;11;24;39(2) 160(1) 230(1) 732(2) 840(1) 1108(2) 1836(2) 2387(2) 4121(2) 11395(2) 13866(1) 14054(1) 14122(2) 14270(2) 15948(1) 16044(2) 16156(1) 16335(2) 18017(1) 19115(1) 19449(1) 19460(1) 19467(1) 20055(1)
27599;15;9;24;1952(1) 5008(1) 5017(1) 5261(2) 5550(2) 5681(1) 7140(1) 7985(1) 9161(1) 11679(1) 13995(2) 14760(1) 14761(1) 18888(2) 19023(1) 19226(2) 19234(1) 19308(1) 19724(1) 20864(2) 20888(2) 21000(2) 21030(1) 21031(2)
110940;16;8;24;976(1) 3569(2) 3608(1) 3991(1) 7129(1) 7243(1) 8355(1) 8520(2) 8862(1) 9538(1) 9843(1) 10342(2) 10437(1) 11281(2) 11413(2) 12195(1) 12244(2) 12704(1) 15134(1) 15401(2) 16323(1) 20098(2) 20749(1) 21103(1)
139113;15;9;24;833(2) 2312(1) 2873(1) 3041(1) 4173(1) 4537(1) 6578(1) 6816(2) 7673(1) 7835(1) 8403(1) 9913(2) 10527(2) 10551(1) 10616(2) 11285(1) 13033(1) 15084(1) 17485(2) 17949(1) 18181(2) 18820(2) 18934(1) 20594(2)
5;0;23;23;1111(2) 7111(2) 8267(2) 8906(2) 9411(2) 17134(2) 17383(2) 17528(2) 17757(2) 17945(2) 18004(2) 18350(2) 18457(2) 18706(2) 18760(2) 18776(2) 18798(2) 18806(2) 18819(2) 18838(2) 18990(2) 19005(2) 21241(2)
8089;16;7;23;828(1) 2594(1) 2930(2) 5473(1) 5572(1) 6880(2) 6954(1) 8952(2) 8958(1) 9180(2) 9641(1) 10400(2) 12672(1) 13439(1) 13471(2) 14129(1) 15240(1) 15241(1) 19638(1) 19657(1) 20724(1) 20731(2) 21208(1)
116;0;23;23;2245(2) 5313(2) 10323(2) 11227(2) 11263(2) 11473(2) 11628(2) 11634(2) 11989(2) 12416(2) 12439(2) 14134(2) 14249(2) 16692(2) 17916(2) 17920(2) 19336(2) 19348(2) 19351(2) 19453(2) 19695(2) 20482(2) 20706(2)
2708;2;21;23;1112(2) 1198(1) 2148(2) 2723(2) 3328(2) 4887(2) 5287(1) 5334(2) 6177(2) 6478(2) 7946(2) 7948(2) 7950(2) 8012(2) 8377(2) 15583(2) 15585(2) 15586(2) 15587(2) 16917(2) 17281(2) 19487(2) 20505(2)
13752;16;7;23;794(1) 2421(1) 3896(1) 5187(2) 7162(1) 9287(1) 9779(1) 10668(1) 11230(1) 12293(1) 12719(1) 13766(2) 14827(1) 14865(2) 15454(2) 15948(1) 15963(1) 16532(2) 18150(2) 20055(1) 20132(2) 20846(1) 20847(1)
40344;12;11;23;1448(1) 4835(2) 5215(1) 8147(2) 9273(1) 9639(2) 9697(2) 11562(2) 11803(2) 13033(1) 15788(2) 15922(1) 15948(1) 17177(1) 17184(1) 17422(2) 17853(1) 18578(1) 18754(2) 18809(1) 18912(2) 19191(2) 20447(1)
17020;4;19;23;1626(2) 2510(2) 4375(1) 4397(2) 4787(2) 4790(2) 5126(1) 5508(2) 6301(2) 7590(2) 7888(2) 10256(2) 10766(2) 11480(2) 11947(1) 12319(2) 13081(2) 13925(2) 14510(2) 14571(2) 14948(1) 15512(2) 16928(2)
19580;7;16;23;474(2) 496(2) 1702(1) 1724(2) 2941(1) 4537(1) 5754(1) 6033(2) 7673(1) 8029(1) 8828(2) 9419(2) 9966(2) 9967(2) 11419(2) 12099(2) 12100(2) 13127(1) 14597(2) 17625(2) 17832(2) 18481(2) 19319(2)
40662;8;15;23;942(2) 6336(2) 7715(2) 7821(2) 8363(1) 10331(2) 10502(2) 11104(2) 11843(1) 12084(2) 12141(1) 12143(2) 12189(1) 12909(1) 14836(1) 15072(2) 15363(2) 15810(2) 16160(2) 20746(2) 20748(1) 21088(2) 21099(1)
24502;16;7;23;4661(1) 5853(1) 6407(1) 6623(2) 6764(2) 6770(2) 6884(1) 7004(1) 12145(1) 12565(2) 14644(2) 14645(1) 14655(1) 14657(2) 14990(1) 15538(1) 15566(1) 15991(1) 16038(1) 16234(1) 17284(2) 18743(1) 19776(1)
100295;15;8;23;703(1) 970(2) 1233(1) 3475(1) 3678(1) 4291(1) 5328(2) 8366(2) 8383(1) 8563(1) 10062(2) 11848(1) 11977(1) 14365(1) 14648(2) 16615(2) 17891(1) 18227(2) 18379(1) 18983(1) 19117(1) 19656(1) 19938(2)
30052;15;8;23;3243(2) 3279(1) 4375(2) 4757(1) 5383(1) 6264(1) 6917(1) 7692(2) 7759(1) 9973(2) 10064(2) 10065(2) 11947(1) 12073(1) 12169(1) 12207(2) 13181(1) 13496(1) 13925(1) 14571(1) 14948(1) 15633(1) 18121(2)
49562;15;8;23;372(1) 1686(1) 1885(2) 2138(2) 4162(1) 4294(1) 4506(1) 6930(2) 7582(2) 7878(1) 8385(2) 8958(1) 9018(2) 9641(1) 10250(1) 11283(1) 11458(2) 13783(1) 14972(1) 15832(1) 19388(2) 19638(1) 20430(1)
1883;6;17;23;1197(2) 2388(1) 4074(2) 4503(2) 5669(2) 5779(2) 5837(2) 6271(1) 7159(1) 11971(2) 13211(1) 14809(2) 15145(2) 15228(2) 15611(2) 16026(2) 16559(1) 16677(2) 16720(1) 17860(2) 17961(2) 19168(2) 19756(2)
5095;5;18;23;657(1) 1324(2) 2194(1) 2321(2) 3013(2) 4567(2) 5781(1) 6566(2) 8006(2) 8121(2) 8743(2) 9404(2) 9765(2) 10875(1) 11013(2) 11768(2) 12764(2) 12884(2) 16237(2) 16949(2) 17704(2) 18005(1) 19033(2)
13052;5;18;23;362(2) 2414(2) 17141(1) 17572(1) 17581(2) 17633(1) 17679(2) 17735(2) 18166(2) 18186(2) 18354(2) 18403(2) 18407(2) 19174(2) 19363(2) 19368(2) 19739(2) 19787(2) 19790(1) 20488(1) 20628(2) 20900(2) 20905(2)
9739;16;7;23;426(1) 845(1) 1551(1) 3278(1) 3487(2) 3523(2) 4593(1) 4766(1) 6750(1) 6843(1) 6873(1) 7517(2) 10661(1) 12604(1) 12907(1) 15849(1) 16035(1) 17223(2) 17998(1) 18509(2) 18969(2) 20618(2) 20818(1)
35476;6;17;23;1023(2) 1080(2) 2832(2) 3710(2) 3724(2) 4124(2) 4310(2) 4845(1) 5090(2) 6839(2) 7092(2) 7724(2) 7964(2) 8231(2) 8459(2) 11533(2) 12956(1) 15659(1) 15811(1) 16015(2) 16259(2) 19470(1) 20585(1)
68592;13;10;23;794(1) 1233(1) 2415(1) 3558(2) 4717(2) 6978(1) 8288(1) 8383(1) 10354(2) 11848(2) 11977(1) 16469(2) 16924(2) 17891(1) 18130(1) 18338(2) 18379(1) 18676(1) 19117(1) 19216(2) 19656(1) 20232(2) 20536(2)
42652;5;18;23;2065(2) 3120(2) 3207(2) 3979(1) 4763(1) 4986(2) 5353(2) 6514(2) 7274(2) 7753(2) 9954(2) 10048(2) 12265(2) 13040(2) 13063(2) 13233(2) 13914(2) 14296(2) 14491(1) 14568(2) 14925(2) 18648(1) 20172(1)
7188;18;5;23;372(1) 3403(1) 3537(1) 5649(2) 6689(1) 7045(1) 8958(1) 9026(2) 13407(1) 13439(1) 13493(1) 14610(1) 15096(1) 15333(1) 16577(2) 16713(1) 17671(1) 17891(1) 19644(1) 19657(1) 19665(2) 20064(1) 20394(2)
101785;11;12;23;128(2) 1470(2) 2845(2) 3066(1) 4676(1) 6510(2) 7351(1) 8590(2) 10181(2) 10690(2) 10823(2) 13529(1) 14565(2) 14589(2) 16468(2) 17102(1) 17769(1) 18007(1) 18130(1) 20152(1) 20250(1) 20446(2) 20696(1)
21698;18;5;23;1895(1) 1916(1) 1933(1) 3245(1) 3917(1) 3938(1) 3948(1) 4141(2) 4398(1) 5015(2) 5681(1) 5826(1) 6057(2) 6516(1) 6896(1) 8796(1) 9135(1) 9195(2) 9362(1) 9383(1) 18140(1) 20176(1) 21118(2)
63225;16;7;23;1353(1) 3255(1) 8966(1) 9586(1) 9794(2) 10770(2) 12141(1) 12697(1) 13405(1) 14762(1) 15488(1) 16590(1) 17023(1) 17061(1) 17363(2) 18358(1) 19004(2) 19783(1) 19803(2) 19804(2) 20074(2) 20521(1) 21260(1)
48025;9;14;23;1224(2) 1242(1) 1610(2) 4438(1) 4895(1) 4898(1) 5046(2) 6123(2) 8266(1) 8699(2) 9318(1) 9779(1) 9856(2) 9985(2) 10234(2) 10657(2) 12292(1) 16576(2) 18085(2) 20210(2) 20212(1) 20221(2) 21052(2)
29474;14;9;23;643(1) 772(1) 2435(1) 3611(2) 3613(1) 4090(2) 5102(1) 5207(1) 5250(1) 6109(2) 6462(2) 7284(2) 7854(1) 8158(1) 8416(2) 12138(2) 12914(2) 14412(2) 15518(1) 15702(1) 17786(1) 19115(1) 20746(1)
4636;18;5;23;90(2) 828(1) 4349(1) 5473(1) 5847(1) 5922(2) 8958(1) 9641(1) 9733(1) 9796(2) 12534(1) 12929(1) 13407(1) 14129(1) 15241(1) 16074(1) 16575(1) 19638(1) 19645(1) 19733(1) 20697(2) 20726(2) 20730(1)
28938;11;12;23;550(1) 1620(2) 1926(2) 4537(1) 5583(2) 6022(1) 6583(2) 6673(1) 6735(1) 7071(2) 8315(2) 8359(2) 8380(2) 8677(1) 9492(1) 10737(2) 11758(1) 17917(1) 19112(1) 19392(1) 20222(2) 20357(2) 20574(2)
92993;15;8;23;16819(1) 16821(2) 16827(1) 16838(2) 16843(2) 16844(2) 16854(1) 16879(1) 16895(2) 16993(2) 17110(2) 17537(1) 17558(1) 17684(1) 19245(2) 19364(1) 19366(1) 19790(1) 20484(1) 20485(1) 20492(1) 20499(1) 20503(1)
77458;16;7;23;235(1) 1233(1) 1502(1) 3066(1) 4676(1) 6661(1) 8008(2) 8383(1) 9943(2) 11291(2) 12145(1) 13059(2) 13529(1) 13996(1) 15922(1) 15948(1) 16218(2) 17028(1) 17248(2) 17571(1) 17750(1) 18167(2) 19671(1)
14754;7;16;23;1113(2) 2685(2) 5019(2) 5615(2) 7154(2) 7624(1) 9076(2) 11715(2) 12327(2) 13001(2) 13038(2) 13085(2) 13101(2) 13589(1) 14128(2) 14413(2) 15375(2) 16274(1) 18844(1) 18932(2) 19628(1) 19913(1) 20249(1)
21087;1;22;23;16(2) 24(2) 25(2) 492(2) 2463(2) 2491(2) 3226(2) 5704(2) 5830(2) 6324(2) 6325(2) 6326(2) 8248(2) 8649(2) 9306(1) 9535(2) 10693(2) 11007(2) 11610(2) 14300(2) 15487(2) 17232(2) 20151(2)
7152;15;8;23;721(2) 3343(1) 6439(2) 8563(2) 8864(1) 10846(1) 11342(1) 11977(1) 14124(2) 14203(2) 15656(1) 15962(1) 16961(1) 18379(1) 18983(1) 19103(2) 19117(1) 19566(1) 19607(1) 20615(1) 20634(2) 20642(2) 21258(1)
570;1;21;22;279(2) 1312(2) 2114(2) 2388(2) 3096(2) 3257(2) 3975(2) 4237(2) 4503(1) 6148(2) 6271(2) 7159(2) 9043(2) 9424(2) 12224(2) 13211(2) 15299(2) 16559(2) 16684(2) 16720(2) 17825(2) 18988(2)
10448;3;19;22;3027(2) 3542(2) 4727(2) 5698(2) 7248(2) 7277(2) 7995(2) 8175(2) 8185(1) 8187(2) 8198(2) 8211(1) 9093(2) 9501(2) 9547(2) 10457(2) 12082(2) 12363(2) 13630(2) 13746(2) 15025(1) 18330(2)
111;1;21;22;17086(2) 17169(2) 17965(2) 18091(2) 18119(2) 18253(2) 18296(2) 18407(1) 18530(2) 18625(2) 18673(2) 18675(2) 18883(2) 18911(2) 18959(2) 19044(2) 19320(2) 19436(2) 19521(2) 20030(2) 20420(2) 20591(2)
2808;17;5;22;232(1) 332(1) 1018(2) 1318(1) 3037(1) 5011(2) 5088(1) 5681(1) 5812(2) 6588(1) 6748(1) 8596(2) 9362(1) 9383(1) 9837(1) 9868(1) 11355(1) 12441(2) 19234(1) 19235(1) 19372(1) 21002(1)
33315;12;10;22;379(2) 3447(1) 3451(1) 3454(2) 3455(2) 3457(2) 3459(1) 4007(2) 4189(2) 4501(1) 4618(1) 7552(2) 9456(1) 10423(1) 12079(1) 12104(1) 12108(2) 12110(1) 12114(2) 12307(2) 15905(1) 17256(1)
2264;1;21;22;494(2) 740(2) 6243(2) 6531(2) 6532(1) 6984(2) 7052(2) 7053(2) 7054(2) 7055(2) 8825(2) 9527(2) 10369(2) 12296(2) 13948(2) 14277(2) 14844(2) 14845(2) 15977(2) 20507(2) 20508(2) 20509(2)
27796;3;19;22;1094(2) 2036(2) 2665(2) 2963(2) 3875(1) 4947(2) 5347(2) 6733(2) 7863(2) 8585(2) 8990(2) 9959(2) 11500(2) 12151(2) 12382(2) 13303(1) 14482(2) 14494(2) 16707(2) 17821(2) 20003(2) 20047(1)
29575;2;20;22;642(2) 724(2) 883(2) 1450(2) 3075(2) 3076(2) 6865(2) 7718(2) 9406(2) 9558(2) 10074(2) 10109(2) 11799(2) 11802(2) 11804(2) 11808(2) 13033(1) 14156(1) 17288(2) 17580(2) 19200(2) 19201(2)
68386;6;16;22;2471(1) 3750(2) 4401(1) 5141(2) 5262(2) 5736(1) 7300(2) 8087(2) 8656(2) 8976(2) 9684(2) 10710(2) 11467(1) 12346(2) 12684(2) 12758(2) 12760(1) 14232(1) 15048(2) 15783(2) 16287(2) 19036(2)
67696;8;14;22;1695(1) 2585(2) 2896(2) 2898(2) 5111(2) 5864(2) 7836(2) 8641(2) 8767(2) 10965(1) 11008(1) 11090(1) 11138(2) 12145(1) 15539(1) 16255(1) 16666(1) 17087(2) 18327(2) 19384(2) 20897(2) 20906(2)
33848;8;14;22;1612(2) 1781(1) 2251(1) 3086(1) 3301(2) 3303(1) 3893(2) 4394(2) 8085(1) 9363(2) 9494(1) 9674(1) 11825(1) 12482(2) 13250(2) 14517(2) 14791(2) 15078(2) 16232(2) 16571(2) 16900(2) 17472(2)
27172;8;14;22;468(1) 1832(2) 2257(2) 2258(1) 2261(2) 2423(2) 4096(2) 5412(2) 5714(2) 6225(2) 7138(1) 8149(2) 8616(1) 9516(1) 12553(2) 14971(2) 16787(2) 17996(1) 19083(1) 19629(1) 21145(2) 21223(2)
78012;7;15;22;1473(1) 1729(2) 2123(2) 2395(2) 2624(2) 3574(2) 4165(1) 5721(2) 5965(2) 8249(2) 8250(2) 8746(2) 8795(2) 8937(1) 10005(2) 10579(2) 13803(1) 15619(1) 15932(1) 16037(2) 19894(2) 21212(1)
38726;6;16;22;1945(2) 5250(1) 6673(1) 9230(1) 9703(2) 11493(1) 12291(2) 12419(2) 12860(2) 13020(2) 13446(2) 14915(2) 14926(2) 15421(2) 15713(2) 16455(2) 17775(2) 18120(2) 18213(2) 19115(1) 19258(1) 20688(2)
2533;2;20;22;473(2) 545(2) 2493(2) 3298(2) 3895(2) 4146(2) 5316(2) 7658(2) 7766(2) 8858(2) 10943(2) 11196(2) 11320(2) 13280(2) 13566(2) 14334(2) 14389(2) 15229(2) 15360(1) 16077(1) 19846(2) 19905(2)
36324;13;9;22;235(1) 794(1) 1233(1) 1741(1) 2415(1) 3627(2) 3951(2) 4618(1) 6022(1) 6978(1) 7656(2) 7862(2) 8383(1) 12013(2) 13151(2) 13439(1) 14626(2) 15962(1) 17157(2) 17907(1) 19117(1) 21114(2)
46006;2;20;22;107(2) 953(2) 2787(2) 4286(2) 4295(2) 4860(2) 4992(2) 5039(2) 5137(2) 5409(1) 6633(2) 6847(2) 7762(2) 9138(2) 9168(2) 9808(2) 11958(1) 14957(2) 15803(2) 17834(2) 20462(2) 21160(2)
23989;14;8;22;1039(2) 2034(2) 5681(1) 6031(1) 8426(1) 9194(2) 9944(1) 10491(1) 10872(1) 11629(1) 12231(1) 13029(1) 15619(1) 15870(1) 16069(2) 17217(2) 17785(2) 18523(2) 20604(1) 20846(1) 21174(2) 21243(1)
81469;14;8;22;220(1) 521(2) 550(1) 1193(1) 2471(1) 2641(2) 3127(2) 4537(1) 6022(1) 7456(1) 9227(1) 10607(2) 10608(1) 13033(1) 14046(2) 14276(2) 18917(1) 18976(2) 19211(1) 19392(1) 19477(2) 20351(1)
63698;12;10;22;1193(1) 1735(1) 1884(2) 10089(1) 10398(1) 11499(2) 11756(2) 13149(1) 13413(2) 13540(2) 14460(2) 14542(1) 15688(2) 18007(1) 18231(1) 18474(1) 19392(1) 19463(2) 19513(2) 19601(1) 19604(1) 20169(2)
94;2;20;22;988(2) 1233(2) 1443(2) 2139(2) 4984(2) 5252(2) 5348(2) 6022(1) 8383(2) 8473(2) 8620(2) 10073(2) 10497(2) 11977(2) 12573(2) 14237(2) 17601(2) 18466(2) 18612(1) 20400(2) 20884(2) 21141(2)
71165;10;12;22;273(2) 549(2) 2362(2) 2554(2) 2992(1) 3590(2) 5337(2) 5851(1) 5865(1) 7275(2) 8012(1) 8408(2) 9206(1) 11249(2) 13467(2) 14339(1) 16824(2) 18275(1) 18321(1) 19367(1) 20243(1) 20478(2)
67664;15;7;22;2300(2) 2415(1) 3044(1) 3119(1) 3735(1) 4618(1) 5078(2) 6810(1) 6813(2) 6815(1) 7112(2) 7527(2) 7575(2) 8413(1) 11083(1) 12638(1) 13270(1) 15110(1) 18840(1) 20370(1) 21078(2) 21153(1)
138352;14;8;22;959(2) 1103(1) 2760(2) 4572(1) 5075(2) 5645(2) 6936(2) 6969(2) 9659(2) 9946(1) 11512(2) 12882(1) 13771(1) 15439(1) 16034(1) 16526(1) 16627(1) 18277(1) 18482(1) 18504(1) 19540(1) 20227(1)
26716;17;5;22;646(2) 2303(1) 2565(2) 4433(1) 6884(1) 9779(1) 9949(1) 10535(2) 10890(1) 11008(1) 12145(1) 12741(1) 13079(2) 13417(1) 14150(1) 14169(1) 14655(1) 14680(1) 15634(2) 15922(1) 15948(1) 20846(1)
3376;10;11;21;16880(1) 16970(1) 17043(1) 17169(1) 17224(1) 17249(1) 17261(2) 17273(1) 17433(2) 17469(2) 17480(2) 17494(2) 17666(2) 18092(1) 19366(2) 19484(1) 20264(1) 20528(2) 20638(2) 20674(2) 20907(2)
50;0;21;21;1235(2) 2551(2) 5746(2) 12882(2) 16831(2) 16861(2) 16940(2) 17048(2) 17125(2) 17278(2) 17295(2) 17709(2) 18137(2) 18786(2) 19019(2) 19469(2) 20128(2) 20419(2) 20481(2) 20662(2) 20829(2)
37765;4;17;21;2576(2) 16882(2) 16927(2) 16941(1) 16958(1) 16995(2) 17017(2) 17440(2) 17447(2) 17685(2) 17740(2) 17765(2) 18257(2) 18260(2) 18712(2) 18802(2) 18931(2) 20036(1) 20144(1) 20194(2) 20454(2)
9822;5;16;21;3059(2) 3277(2) 3855(2) 4043(2) 4520(2) 5291(1) 5418(2) 5699(1) 5901(2) 7103(2) 7624(2) 8698(1) 11072(1) 13533(2) 13572(2) 14244(2) 14777(1) 16697(2) 17385(2) 18262(2) 18581(2)
27239;14;7;21;601(2) 922(1) 937(2) 4618(1) 5102(1) 5250(1) 6553(2) 6980(1) 7893(1) 9090(1) 10276(1) 10804(2) 13070(1) 15518(1) 15948(1) 19115(1) 19699(2) 20055(1) 20681(1) 20702(2) 20703(2)
42592;15;6;21;232(1) 630(1) 1810(2) 1952(1) 2835(2) 3223(1) 5681(1) 8002(1) 8681(1) 9161(1) 9383(1) 9673(2) 11355(1) 14312(1) 14767(1) 16920(2) 17918(1) 19355(1) 20380(2) 21036(1) 21146(2)
28588;14;7;21;1476(2) 1698(1) 3421(2) 3713(1) 6399(1) 6617(1) 7363(1) 7528(1) 8426(1) 9355(1) 9732(1) 13033(1) 13071(2) 14989(2) 15452(1) 15870(1) 16761(2) 19102(2) 19129(1) 19149(1) 20956(2)
27070;8;13;21;190(2) 442(2) 957(1) 1176(2) 4537(1) 6673(1) 6735(1) 8080(2) 11294(1) 11439(2) 12885(1) 13763(2) 16334(2) 17658(2) 17789(2) 18405(2) 18580(2) 18738(1) 19273(2) 20207(1) 20669(2)
13112;1;20;21;1031(2) 16922(2) 16926(2) 17136(2) 17242(1) 17410(2) 17510(2) 17537(2) 17566(2) 17687(2) 17713(2) 17715(2) 17772(2) 17797(2) 18192(2) 18223(2) 18348(2) 18570(2) 19364(2) 19683(2) 20499(2)
57877;1;20;21;7(2) 654(2) 890(2) 1133(1) 1888(2) 2266(2) 3269(2) 4222(2) 4365(2) 5319(2) 5597(2) 6668(2) 9431(2) 10438(2) 11092(2) 11384(2) 11593(2) 12241(2) 13187(2) 14011(2) 18269(2)
11834;12;9;21;794(1) 1295(1) 2248(1) 4112(2) 4252(2) 4283(2) 4284(1) 4348(2) 4453(1) 6761(1) 8426(1) 9475(2) 10250(1) 11283(1) 12659(2) 14911(2) 15870(1) 17509(2) 19072(2) 19101(1) 19112(1)
42256;7;14;21;1553(2) 1828(2) 2979(2) 6411(2) 6433(2) 7225(2) 7803(2) 8932(1) 12640(2) 13181(1) 13496(1) 13789(2) 14039(1) 15626(2) 16409(2) 16563(1) 17512(2) 18179(1) 18318(1) 20026(2) 20296(2)
27862;13;8;21;252(2) 794(1) 2415(1) 3044(1) 6062(1) 6069(2) 8560(1) 10746(2) 11872(2) 11977(1) 12181(1) 13023(1) 13876(2) 14150(1) 15538(1) 15714(1) 15717(2) 16319(2) 17384(2) 18379(1) 20847(1)
7595;8;13;21;704(1) 778(2) 965(2) 3466(1) 4618(1) 5681(1) 7498(2) 8140(2) 8491(2) 9383(1) 10580(2) 12595(2) 14053(1) 15291(2) 16550(2) 16992(2) 17346(2) 19071(1) 19686(1) 19972(2) 20643(2)
23657;17;4;21;904(1) 1279(2) 5745(1) 5848(1) 7570(1) 8335(1) 8616(1) 9515(1) 11133(1) 11308(2) 12344(1) 15189(1) 15812(1) 16051(2) 18709(2) 19574(1) 19639(1) 19720(1) 19722(1) 19752(1) 21060(1)
541;1;20;21;264(2) 485(2) 816(2) 851(2) 1890(2) 3331(2) 4536(2) 4900(2) 9608(2) 9718(2) 11708(2) 12128(2) 12643(2) 12852(2) 13055(1) 13676(2) 15380(2) 15582(2) 15882(2) 18566(2) 18741(2)
2955;13;8;21;1329(1) 2143(2) 2649(1) 4167(1) 4791(2) 5350(1) 6201(2) 6263(1) 8116(2) 8271(1) 8341(2) 9247(1) 9686(1) 11841(2) 12332(1) 13111(1) 15700(1) 15859(2) 16653(1) 16929(2) 20973(1)
23391;13;8;21;309(2) 904(1) 5074(1) 6555(2) 6827(2) 8616(1) 9520(1) 11543(1) 12031(1) 12344(1) 12437(2) 12678(2) 15030(1) 15109(2) 16012(2) 19620(1) 19720(1) 19722(1) 20219(1) 20554(2) 20768(1)
40264;13;8;21;564(1) 1944(2) 3720(1) 5132(2) 5171(1) 5176(2) 7528(1) 8426(1) 9732(1) 12827(1) 13275(2) 13403(2) 15870(1) 15976(2) 17799(1) 17876(2) 18715(1) 19134(1) 19411(1) 19831(2) 19836(1)
48091;12;9;21;1269(2) 1376(1) 1410(2) 2421(1) 4158(1) 5121(2) 5187(1) 5676(1) 6910(2) 9047(1) 9277(2) 13349(1) 13711(1) 17100(1) 17122(1) 18555(1) 19716(2) 19863(2) 19864(1) 19865(2) 19870(2)
99225;15;6;21;401(1) 495(2) 2415(1) 2879(1) 4537(1) 4618(1) 5224(2) 6022(1) 6673(1) 9052(2) 9639(1) 9849(1) 10482(2) 10528(1) 11294(1) 13033(1) 16673(2) 17669(1) 18485(2) 18912(1) 19392(1)
16070;16;5;21;2303(1) 3689(1) 4766(1) 5776(1) 6581(2) 9287(1) 9864(1) 9949(1) 12574(1) 12971(2) 13417(1) 13452(2) 13504(1) 13544(1) 13885(2) 14502(1) 15948(1) 15951(1) 16204(2) 20827(1) 20846(1)
109305;14;7;21;372(1) 794(1) 1233(1) 4618(1) 5831(2) 6022(1) 9224(2) 9383(1) 10250(1) 10999(2) 12789(2) 12954(1) 13559(1) 15948(1) 18702(1) 19638(1) 19808(2) 19810(2) 20786(2) 20847(1) 21256(1)
52915;7;14;21;2364(2) 3198(1) 3230(2) 3453(2) 5182(1) 5904(1) 6956(2) 7129(1) 7856(2) 7898(2) 7984(2) 9538(1) 10404(2) 11307(2) 11999(2) 12371(2) 14514(2) 14637(2) 15930(1) 16269(1) 16797(2)
19299;15;6;21;797(1) 2215(2) 2224(1) 2259(1) 5282(1) 7138(1) 7600(2) 8335(1) 8616(1) 8917(1) 13485(2) 14971(1) 15264(2) 15706(2) 16111(1) 16540(2) 17996(1) 19083(1) 19720(1) 19722(1) 21145(1)
50606;9;12;21;550(1) 2246(2) 2913(1) 2914(1) 3212(2) 4195(2) 5436(1) 6498(2) 7602(1) 8983(2) 9027(2) 11142(2) 12618(1) 13709(1) 14025(2) 14593(1) 14619(2) 15620(2) 19119(2) 19121(2) 20766(1)
98474;14;7;21;1474(2) 4404(1) 7091(2) 7177(1) 7225(1) 7759(1) 9711(1) 11575(1) 11964(1) 13210(1) 13884(2) 13886(2) 14622(1) 14742(2) 15088(2) 15633(1) 16409(1) 17137(1) 18596(1) 19060(2) 19511(1)
9672;9;11;20;679(2) 750(2) 932(2) 1203(2) 2426(2) 5644(1) 5928(2) 6576(2) 9890(1) 10290(1) 11276(1) 11348(1) 11785(2) 11796(1) 14487(1) 14488(2) 14575(1) 17198(2) 17694(1) 18326(2)
9030;1;19;20;88(2) 4650(2) 5248(2) 5644(2) 7330(2) 9784(2) 9890(1) 10290(2) 11276(2) 11348(2) 11796(2) 13527(2) 13738(2) 13848(2) 14067(2) 14487(2) 14575(2) 17694(2) 17947(2) 20155(2)
5044;3;17;20;640(2) 1485(2) 3814(2) 4785(2) 4786(2) 5543(2) 5828(2) 6190(2) 7562(2) 8618(1) 8730(2) 12102(1) 13083(1) 13610(2) 13626(2) 15473(2) 16148(2) 16483(2) 18594(2) 20834(2)
20970;5;15;20;836(2) 961(2) 963(1) 1779(2) 2332(1) 2604(1) 3063(2) 3080(2) 3166(2) 6874(2) 8834(1) 10066(2) 10232(2) 10289(2) 10305(2) 10317(2) 13319(2) 13642(2) 14064(1) 18529(2)
6626;13;7;20;1190(1) 1271(1) 1522(2) 2051(1) 3119(2) 3994(1) 4127(2) 4495(1) 4497(1) 4613(1) 6714(1) 7217(1) 7336(2) 8078(2) 9383(1) 10949(2) 11083(1) 14023(1) 19057(2) 21153(1)
44057;10;10;20;1448(1) 2865(2) 4187(1) 5215(1) 7761(2) 8403(1) 9060(2) 9273(1) 10294(2) 10555(2) 13033(1) 16054(1) 17192(2) 17853(1) 18077(2) 18552(2) 19049(2) 19191(1) 19726(1) 20458(2)
7155;0;20;20;792(2) 1033(2) 1452(2) 7661(2) 8737(2) 10298(2) 11469(2) 12028(2) 12317(2) 14034(2) 14130(2) 14394(2) 16588(2) 16646(2) 17579(2) 20438(2) 21130(2) 21158(2) 21250(2) 21265(2)
70818;11;9;20;415(2) 1407(1) 3431(1) 4060(1) 4341(2) 4618(1) 7028(1) 8578(2) 8798(2) 9889(2) 10356(2) 14817(1) 15948(1) 18491(2) 18558(2) 19215(2) 19223(1) 19229(1) 20055(1) 20664(1)
42169;4;16;20;1586(2) 2251(1) 2523(2) 2781(2) 3482(2) 5159(2) 5405(2) 6038(2) 6921(2) 11424(2) 14095(2) 14145(2) 14517(1) 15463(1) 15482(2) 16014(2) 16415(2) 16688(2) 16960(2) 17872(1)
52781;9;11;20;411(2) 668(1) 938(2) 1118(1) 2504(1) 2506(2) 3090(1) 3570(1) 4749(2) 4871(2) 6517(1) 6884(1) 7176(2) 11402(2) 11560(2) 12574(1) 15345(2) 17448(2) 17979(2) 19442(1)
53559;9;11;20;2809(1) 2908(2) 3283(1) 3713(1) 4694(2) 5999(2) 6598(1) 8435(1) 8643(2) 10522(1) 11996(1) 15257(2) 16126(2) 16161(1) 17771(2) 18003(2) 19139(2) 19837(2) 20960(1) 21134(2)
40854;10;10;20;4378(2) 4516(2) 5036(2) 5083(1) 7203(2) 7960(1) 9291(2) 9990(1) 9992(2) 11328(1) 12710(2) 13257(2) 13314(1) 14437(2) 15790(1) 16612(1) 16621(2) 17823(1) 17976(1) 18270(1)
16536;0;20;20;1426(2) 2568(2) 2887(2) 6047(2) 6901(2) 9202(2) 10605(2) 10667(2) 10893(2) 11037(2) 11039(2) 11271(2) 13969(2) 14074(2) 14382(2) 15173(2) 16771(2) 19146(2) 20584(2) 21064(2)
20389;3;17;20;676(2) 1815(2) 2244(2) 4484(2) 4512(2) 5025(2) 5250(1) 9403(2) 10662(2) 11011(2) 11225(2) 11509(2) 12837(2) 13070(2) 13733(2) 15948(1) 16169(2) 18126(2) 18647(2) 19115(1)
35235;14;6;20;911(1) 2330(1) 2848(1) 2901(1) 2966(1) 3483(1) 4378(1) 7013(1) 8322(1) 8678(1) 8853(2) 9729(2) 10137(2) 11575(1) 11662(1) 11740(2) 12378(2) 12507(2) 12865(1) 13745(1)
107511;9;11;20;690(1) 1107(2) 2180(2) 3142(1) 3871(2) 4593(1) 5774(2) 6876(2) 7268(1) 8306(2) 10795(2) 11292(2) 11817(1) 12293(1) 12467(1) 12738(1) 13073(2) 15750(2) 16119(2) 16586(1)
43137;11;9;20;1448(1) 2007(2) 2171(2) 2794(1) 5215(1) 7290(1) 7765(2) 8403(2) 9273(1) 10877(2) 10952(2) 11920(1) 13033(1) 15058(1) 15604(2) 17596(2) 17853(1) 18878(1) 18934(2) 19191(1)
72182;3;17;20;498(2) 1560(1) 2092(2) 2338(2) 4420(2) 4872(1) 4873(2) 5966(2) 6110(2) 6759(2) 7530(2) 7536(2) 8806(2) 9151(2) 15612(2) 15940(2) 15941(2) 16321(1) 17668(2) 18646(2)
40353;14;6;20;161(1) 1539(1) 1551(1) 1582(2) 8096(1) 8731(1) 9425(1) 10131(1) 10528(1) 11186(1) 11789(1) 12232(2) 12907(1) 13734(2) 15922(1) 15948(1) 19788(2) 19918(2) 20045(2) 20846(1)
53544;16;4;20;2415(1) 2586(1) 2968(1) 3044(1) 4176(1) 4377(2) 4507(2) 4618(1) 5014(1) 6605(1) 6906(2) 9383(1) 9523(1) 11015(2) 12293(1) 12928(1) 14148(1) 19074(1) 19302(1) 20237(1)
99824;13;7;20;1193(1) 1643(2) 1938(1) 4618(1) 6673(1) 6859(2) 6980(1) 9176(2) 10248(1) 10468(2) 12084(1) 12328(2) 13149(1) 15072(1) 17915(2) 18007(1) 19115(1) 20120(1) 20691(2) 20715(1)
94516;14;6;20;3502(1) 3741(2) 7541(1) 8565(1) 8580(1) 9199(2) 10549(2) 10859(2) 11843(1) 13430(1) 13851(1) 14344(1) 15598(1) 15957(1) 16809(1) 16814(1) 17760(2) 19855(2) 20584(1) 20748(1)
88979;13;7;20;445(2) 446(2) 913(1) 1678(2) 1702(1) 2251(1) 2873(1) 3872(2) 4537(1) 6735(1) 7586(2) 8268(2) 12438(1) 12842(1) 15724(1) 16240(2) 17505(1) 17776(1) 18916(1) 19961(1)
43955;15;5;20;517(2) 1245(2) 1481(1) 2745(1) 3044(1) 3283(1) 3672(2) 3713(1) 5175(1) 7585(1) 8426(1) 8488(1) 9826(1) 14715(2) 15870(1) 19128(1) 19140(1) 19497(1) 19844(1) 19845(2)
77232;6;14;20;16(1) 504(2) 2471(1) 2645(1) 3015(2) 3226(1) 3285(2) 4970(2) 5105(2) 8248(1) 8257(2) 9008(2) 9971(2) 10125(2) 11610(1) 14588(2) 16693(2) 17276(2) 17514(2) 20708(2)
49847;13;7;20;550(1) 1151(1) 2413(2) 4477(2) 4532(1) 4767(1) 5436(1) 5940(1) 7641(2) 8771(2) 9011(1) 9862(2) 10581(1) 12383(2) 12718(2) 14328(1) 16015(1) 16290(1) 17996(1) 20576(1)
54;5;14;19;1148(2) 2052(2) 5384(1) 8204(2) 9017(2) 9817(1) 11635(2) 11733(2) 15420(2) 15580(1) 17027(2) 17321(2) 18474(2) 18743(2) 19465(1) 19897(2) 20318(2) 21122(2) 21233(1)
35753;8;11;19;1641(2) 2669(2) 3044(1) 4956(1) 5027(2) 5729(1) 6185(1) 7423(2) 7871(1) 9304(1) 10108(2) 11141(2) 13604(2) 13913(2) 13967(2) 15948(1) 19610(2) 20924(1) 20935(2)
5156;9;10;19;1793(2) 3241(2) 3495(2) 3867(2) 5334(1) 6314(2) 7946(1) 7949(1) 7950(1) 8012(1) 8038(2) 9206(2) 9378(1) 15583(1) 15586(1) 15587(1) 16822(2) 20483(2) 20502(2)
20559;6;13;19;489(2) 891(2) 2864(2) 4140(2) 4490(2) 4855(1) 6726(2) 7108(2) 8943(2) 9633(2) 9929(2) 12847(1) 13110(1) 14262(2) 15642(1) 16732(1) 17780(2) 18362(1) 19662(2)
4065;1;18;19;577(2) 1105(2) 2360(2) 5414(2) 6672(2) 7060(2) 8453(2) 9909(2) 12742(2) 13740(2) 14141(2) 14251(2) 14294(2) 15427(2) 17924(2) 18365(2) 19042(2) 20577(2) 20889(1)
32426;8;11;19;366(2) 825(2) 1640(1) 2947(2) 3610(2) 4038(2) 4287(2) 5681(1) 6343(2) 6849(1) 6988(2) 7169(1) 7910(2) 8164(2) 8426(1) 11378(1) 11629(1) 15870(1) 20915(2)
96929;14;5;19;1448(1) 1940(2) 3204(1) 5648(1) 6865(1) 7764(2) 8495(1) 9487(2) 10551(1) 10869(2) 11285(1) 13033(1) 15922(1) 16569(1) 16893(1) 17835(2) 18879(1) 19191(1) 20847(1)
12682;3;16;19;758(2) 1051(2) 2283(2) 3124(2) 3268(2) 3311(1) 3578(2) 4276(2) 4720(2) 5887(2) 6004(2) 6364(2) 6542(1) 7138(1) 11284(2) 12175(2) 13037(2) 13953(2) 21054(2)
30354;8;11;19;82(2) 228(2) 711(2) 1659(1) 2178(2) 6573(2) 9356(1) 9647(2) 9704(2) 13744(1) 14344(2) 14491(2) 14753(2) 14876(2) 15957(1) 16310(1) 16358(1) 16732(1) 19088(1)
37704;2;17;19;5571(2) 16819(1) 16918(2) 17049(2) 17289(1) 17332(2) 17377(2) 17604(2) 17752(2) 18397(2) 18615(2) 19105(2) 19327(2) 19954(2) 20024(2) 20427(2) 20489(2) 20721(2) 21218(2)
45174;9;10;19;3198(2) 5279(2) 5339(1) 5689(1) 5880(1) 6924(2) 8565(1) 8892(2) 10042(2) 10571(1) 12184(2) 13292(1) 14872(2) 15304(2) 15957(1) 16310(1) 16809(1) 21070(2) 21091(2)
46953;9;10;19;87(2) 523(2) 1193(1) 1778(2) 4133(2) 4537(1) 5184(2) 6252(2) 6709(2) 10215(2) 10398(1) 11012(2) 11756(1) 14594(1) 18007(1) 18522(2) 18787(1) 19211(1) 19392(1)
13088;8;11;19;16834(2) 16944(1) 16959(1) 17067(1) 17079(1) 17095(2) 17103(1) 17187(2) 17246(2) 17549(1) 17562(2) 18063(2) 18211(2) 19020(2) 19059(2) 20071(1) 20163(2) 20167(1) 20754(2)
16481;15;4;19;1318(1) 5398(1) 6083(1) 7687(1) 9137(2) 9197(1) 9198(1) 9383(1) 9716(1) 9869(1) 11355(1) 12399(2) 18538(2) 19232(2) 19235(1) 20999(1) 21013(1) 21035(1) 21037(1)
39914;13;6;19;1266(2) 2798(2) 3668(2) 4248(1) 4618(1) 5250(1) 7855(2) 8165(1) 10119(2) 10362(1) 11172(1) 11223(1) 16581(2) 16624(1) 17372(1) 19115(1) 19258(1) 20055(1) 20847(1)
73399;2;17;19;538(2) 589(2) 1745(2) 2606(1) 3167(2) 3426(2) 4317(2) 4474(2) 7137(2) 7189(2) 9853(2) 11716(2) 13011(2) 13131(2) 13520(2) 15422(2) 16006(1) 17338(2) 18783(2)
48595;7;12;19;1448(1) 5269(2) 5390(1) 6336(1) 7244(2) 7246(2) 7250(2) 8868(2) 9210(2) 11147(2) 13033(1) 15021(2) 15518(1) 17606(2) 18580(1) 18809(2) 19115(1) 19763(2) 20698(2)
76805;12;7;19;1154(1) 1702(1) 2439(1) 2650(1) 2706(2) 2873(1) 5895(1) 6773(1) 8507(1) 9696(1) 10221(1) 10470(2) 11563(2) 12390(2) 12438(2) 14579(2) 17786(1) 19061(1) 20323(2)
97862;14;5;19;376(1) 2988(1) 4995(2) 7004(1) 9005(1) 9429(1) 10545(2) 11854(1) 12145(1) 12915(2) 14041(1) 14655(1) 15271(1) 15922(1) 16452(1) 20060(2) 20183(2) 20847(1) 21229(1)
96326;11;8;19;3155(1) 6065(1) 6663(2) 10011(2) 10106(2) 10915(2) 11843(1) 13385(1) 13667(1) 13851(1) 14181(1) 14836(1) 15393(1) 15957(1) 16330(2) 16750(1) 18209(2) 20336(2) 21080(2)
61832;12;7;19;2532(2) 3499(2) 3783(1) 4636(1) 5097(2) 5275(1) 6437(2) 6693(2) 9619(1) 14730(2) 17119(1) 17210(1) 17398(1) 17418(1) 17635(1) 17725(1) 18300(1) 18437(2) 18670(1)
106403;12;7;19;450(2) 850(2) 1059(1) 1932(1) 3900(2) 6482(2) 6497(1) 8293(1) 10898(1) 10917(2) 12597(1) 12840(1) 13504(1) 15273(1) 16023(1) 17238(2) 18070(1) 19680(1) 20868(2)
94562;8;11;19;2716(1) 3085(2) 3332(1) 5093(2) 6444(1) 6823(1) 10899(2) 11194(2) 13332(2) 14147(2) 15948(1) 16221(1) 16401(2) 16504(2) 16556(2) 17466(2) 17964(2) 20892(1) 20898(1)
75403;13;6;19;212(2) 4716(1) 5142(1) 5505(1) 5757(1) 5895(1) 6131(1) 7835(1) 9061(2) 9400(2) 9483(1) 9636(1) 10551(1) 10627(2) 14628(2) 16553(1) 16727(1) 18075(1) 18894(2)
61823;13;6;19;1044(2) 1823(1) 5824(1) 9949(1) 10570(2) 10598(1) 12145(1) 12711(1) 14150(1) 14156(1) 14768(1) 15158(1) 16293(1) 16742(2) 16915(2) 17022(1) 19039(2) 20142(2) 20847(1)
4480;1;17;18;814(2) 2611(2) 3350(2) 5513(2) 5603(1) 9412(2) 9629(2) 9698(2) 10149(2) 10204(2) 13558(2) 13927(2) 13928(2) 13930(2) 14807(2) 17013(2) 17159(2) 21193(2)
27384;13;5;18;4089(1) 5681(1) 6354(1) 7460(1) 8426(1) 9810(1) 10743(2) 11629(1) 11723(1) 12231(1) 12607(2) 13029(1) 15128(2) 15870(1) 18151(2) 19308(2) 21243(1) 21252(1)
14395;10;8;18;1104(1) 4730(1) 7427(2) 7638(2) 10575(1) 11262(1) 11851(1) 12029(2) 12620(1) 13362(2) 13829(1) 14954(1) 16191(1) 16348(2) 17093(2) 19412(2) 20362(2) 20848(1)
8221;2;16;18;4526(2) 4573(2) 5972(2) 6467(2) 6723(2) 8283(2) 9215(2) 9271(2) 11710(2) 12984(1) 13526(1) 15444(2) 15446(2) 15447(2) 15448(2) 15672(2) 18784(2) 18872(2)
20161;6;12;18;659(2) 2157(2) 2212(2) 2473(2) 2718(2) 2902(2) 3966(2) 5634(2) 6852(2) 8554(1) 9020(1) 9232(1) 10278(2) 10835(1) 11159(2) 11160(1) 13015(2) 15928(1)
19529;9;9;18;977(2) 987(2) 993(2) 1465(1) 1773(2) 2771(2) 3434(1) 3941(1) 7427(1) 9067(1) 9417(2) 10319(1) 10320(1) 10321(2) 11601(1) 19015(1) 20498(2) 20873(2)
56915;9;9;18;550(1) 629(1) 1438(2) 3282(1) 4423(2) 4910(1) 5436(1) 5479(2) 7452(2) 8499(2) 11453(1) 13370(1) 15035(1) 15146(2) 15266(2) 17855(2) 17996(1) 18618(2)
97648;8;10;18;999(2) 2883(2) 5034(2) 7203(1) 7570(1) 8141(2) 9992(1) 10023(2) 11913(1) 12454(2) 12507(1) 12956(1) 15812(1) 16760(2) 16766(2) 16779(2) 16794(2) 19583(1)
39255;8;10;18;4329(2) 5689(1) 9522(2) 9543(2) 10571(1) 11970(2) 13143(2) 13292(1) 13416(2) 13480(1) 14582(2) 14720(2) 15957(1) 16310(1) 16358(1) 16789(2) 19583(1) 21084(2)
68096;11;7;18;1599(2) 2097(1) 3896(1) 3927(1) 5777(2) 8081(2) 8731(1) 9949(1) 12145(1) 15922(1) 16303(2) 16372(2) 16999(1) 17121(2) 17571(1) 19291(2) 19292(1) 19293(1)
44926;7;11;18;2350(1) 2492(2) 3203(2) 3824(1) 5505(1) 10837(1) 11206(2) 11918(2) 12117(2) 12983(1) 13157(2) 14566(2) 16361(1) 17648(2) 18449(2) 18932(1) 19031(2) 19885(2)
20395;11;7;18;2173(1) 4302(1) 4560(1) 4894(1) 4898(1) 4899(1) 6890(1) 7597(2) 7710(1) 9245(2) 9318(1) 9577(2) 10733(2) 13868(2) 14243(2) 16689(2) 16718(1) 20222(1)
27658;4;14;18;4049(2) 5616(2) 5707(2) 6038(1) 6163(2) 7332(2) 7733(2) 7831(2) 9489(2) 10714(2) 11905(2) 12737(1) 15081(2) 15679(2) 15695(1) 15851(2) 16785(1) 17872(2)
18051;14;4;18;92(1) 3278(1) 3920(2) 4593(1) 5607(1) 6528(1) 6601(1) 6750(1) 8301(1) 8443(1) 12912(1) 15344(2) 15978(1) 16599(1) 17412(2) 18575(1) 20814(2) 20820(1)
25524;3;15;18;2116(2) 2833(2) 2847(2) 4771(2) 7595(2) 9513(2) 9970(2) 11651(1) 14812(2) 14958(2) 16252(2) 16952(2) 18188(2) 18683(1) 18914(1) 19030(2) 20877(2) 20981(2)
75899;13;5;18;160(1) 840(1) 1016(2) 5935(1) 6673(1) 10270(1) 11394(1) 12550(1) 13866(1) 17874(1) 19115(1) 19256(2) 19258(1) 19448(2) 19466(1) 20428(2) 20704(1) 21199(2)
16638;4;14;18;614(2) 793(2) 1902(2) 3087(2) 6771(1) 9091(2) 9290(2) 9600(2) 10463(2) 12034(1) 13412(2) 13974(2) 15890(2) 16694(2) 17786(1) 18138(2) 18473(1) 20330(2)
26861;15;3;18;747(2) 5681(1) 6907(1) 7230(2) 7822(1) 9949(1) 9987(1) 10267(1) 11259(1) 11260(1) 12226(1) 12357(1) 12905(1) 14022(2) 14681(1) 15507(1) 16603(1) 21273(1)
28684;9;9;18;3(1) 11(1) 19(1) 41(1) 60(2) 3878(2) 4676(1) 5748(2) 6962(2) 12162(2) 13529(1) 13828(2) 16375(1) 16699(2) 17054(2) 17302(1) 17471(2) 19115(1)
51609;12;6;18;2643(1) 2992(1) 3980(1) 4682(1) 5806(2) 7119(2) 7321(1) 8715(2) 11451(1) 11798(1) 12472(1) 13087(1) 16839(2) 17741(1) 18700(2) 20015(1) 20032(1) 20511(2)
90298;13;5;18;468(1) 1050(2) 1700(1) 1906(1) 2210(1) 2696(1) 3394(2) 5419(1) 5658(2) 7629(2) 8918(2) 9792(1) 10044(1) 10831(1) 11133(1) 15030(1) 15058(1) 19907(1)
51775;14;4;18;1196(1) 2048(1) 3942(2) 4456(2) 4514(1) 4734(1) 5681(1) 8426(1) 8760(1) 10469(1) 11132(1) 12568(2) 15226(1) 15870(1) 17785(1) 20150(1) 20473(1) 20651(2)
55295;13;5;18;230(1) 2153(1) 2158(1) 3326(1) 4622(1) 4671(2) 5250(1) 5484(2) 5491(2) 13287(1) 13574(2) 15569(1) 15948(1) 16454(2) 19115(1) 19703(1) 20055(1) 20846(1)
100814;14;4;18;794(1) 1300(1) 2151(2) 3044(1) 9184(1) 9306(1) 10934(1) 11294(1) 13103(1) 13529(1) 13929(2) 15922(1) 15948(1) 16454(1) 17368(2) 17829(2) 19391(1) 20846(1)
82200;8;10;18;223(2) 232(1) 444(2) 579(1) 1159(2) 2368(2) 3518(2) 4618(1) 6557(2) 7659(1) 9383(1) 11855(1) 11897(2) 13440(1) 16158(2) 17233(2) 18908(2) 21256(1)
102904;14;4;18;2435(1) 2645(1) 5250(1) 7861(1) 8134(1) 10196(1) 11645(1) 12481(2) 14461(1) 16226(2) 16743(1) 17859(1) 18258(1) 18804(2) 19115(1) 20126(2) 20661(1) 20698(1)
63722;11;7;18;319(2) 1160(2) 1217(1) 4537(1) 8810(1) 9648(1) 11294(1) 13151(1) 17600(1) 17612(2) 18007(1) 18360(2) 18368(2) 18580(1) 19392(1) 20565(2) 20580(1) 20667(2)
41483;13;5;18;1830(1) 2546(1) 4069(1) 4647(2) 5681(1) 5839(1) 7621(1) 8426(1) 9949(1) 10192(1) 10691(1) 12567(2) 15313(2) 15870(1) 19711(2) 19712(1) 20157(2) 20302(1)
67834;10;8;18;1300(1) 1789(2) 2622(2) 2892(2) 4199(2) 4875(1) 5841(1) 6078(2) 6402(2) 8679(2) 9627(2) 12145(1) 13529(1) 15948(1) 16246(1) 16956(1) 18047(1) 20847(1)
151451;11;7;18;387(1) 2391(2) 2632(1) 3490(1) 5316(1) 5555(2) 5675(2) 6461(1) 8723(1) 9392(1) 10943(1) 13409(2) 14656(2) 14708(2) 14861(1) 14877(1) 15229(1) 17227(2)
9349;5;12;17;3473(2) 4221(2) 5663(2) 5710(2) 7409(1) 7618(1) 9564(2) 9591(2) 11363(2) 12150(2) 12694(1) 13529(1) 14615(2) 14870(2) 15384(2) 16285(2) 17302(1)
34158;8;9;17;1267(2) 3690(1) 3902(1) 3905(2) 3907(2) 4559(1) 4632(1) 5340(2) 5518(2) 7401(2) 8483(2) 12248(2) 12597(1) 13488(2) 14135(1) 16836(1) 16853(1)
40670;10;7;17;1241(2) 2520(2) 3255(1) 5245(2) 7502(2) 7513(2) 7707(1) 8024(2) 8593(1) 8702(1) 11418(1) 14976(1) 15394(2) 15948(1) 16003(1) 16506(1) 20620(1)
26145;11;6;17;3813(1) 3896(1) 7253(1) 7550(2) 8780(1) 9233(2) 10810(2) 10960(1) 10987(1) 12356(2) 13321(1) 14705(2) 16140(1) 19445(1) 19482(2) 19486(1) 20624(1)
29126;8;9;17;1097(2) 3239(1) 3896(1) 5181(2) 5743(2) 6765(1) 6884(1) 7259(1) 8912(1) 9064(2) 12574(1) 13044(2) 13343(2) 18743(1) 19849(2) 20926(2) 20927(2)
19924;1;16;17;737(2) 2816(2) 3374(2) 3604(2) 4517(2) 4538(2) 6808(2) 8242(2) 8339(2) 11659(2) 13311(2) 13312(2) 13375(2) 15725(2) 16582(2) 18038(2) 18814(1)
54668;12;5;17;550(1) 1277(1) 2513(2) 2873(1) 3165(2) 4309(1) 4537(1) 5110(1) 5562(1) 7801(1) 9155(1) 9300(1) 11453(1) 13597(1) 15646(2) 17589(2) 18917(2)
19032;2;15;17;2129(2) 2795(2) 3022(2) 3947(2) 4245(2) 6329(2) 6331(2) 6560(1) 8638(2) 8674(2) 9374(2) 11134(1) 14290(2) 16182(2) 16183(2) 16184(2) 18987(2)
35237;3;14;17;731(2) 1305(2) 1392(2) 2831(1) 3697(2) 4257(1) 4396(2) 4590(2) 5444(2) 7195(2) 8811(2) 10600(2) 10834(1) 12751(2) 12753(2) 12754(2) 12756(2)
46864;3;14;17;1702(1) 1786(2) 3395(2) 3736(2) 4333(2) 7957(2) 8907(2) 8964(2) 9073(2) 9565(2) 10221(2) 12984(1) 13127(1) 15595(2) 15723(2) 16715(2) 16979(2)
44854;9;8;17;2401(2) 3433(2) 4463(1) 8324(1) 8447(1) 10161(1) 11100(2) 11371(2) 13096(2) 13135(1) 13189(1) 13513(2) 13545(1) 13710(2) 14026(1) 16433(2) 18332(1)
24635;11;6;17;669(1) 1407(1) 3278(1) 3431(2) 4180(1) 4593(1) 9287(1) 9296(2) 12907(1) 14114(2) 14817(2) 15844(2) 15948(1) 16438(1) 19223(1) 19229(2) 19600(1)
44311;10;7;17;183(2) 1183(1) 5102(1) 6773(1) 8134(1) 8349(2) 9865(1) 9925(1) 12109(2) 13324(2) 15504(1) 15530(2) 15948(1) 16702(2) 19115(1) 20268(2) 20512(1)
71333;10;7;17;1691(1) 3041(1) 3184(2) 3709(2) 5117(2) 7673(1) 9289(2) 9567(2) 10561(1) 10787(1) 13054(2) 13546(1) 15084(1) 15382(1) 16200(1) 17569(1) 17844(2)
64326;11;6;17;1476(1) 7528(1) 7588(1) 9723(2) 9732(1) 9789(2) 10640(2) 10641(1) 10642(2) 10643(1) 11727(1) 12015(2) 12868(2) 13033(1) 15948(1) 19115(1) 20847(1)
45553;13;4;17;352(2) 1217(1) 2165(1) 5207(1) 5250(1) 6735(1) 7378(1) 8183(2) 8274(1) 10178(2) 10902(1) 11189(1) 11294(1) 11866(2) 15016(1) 16334(1) 19115(1)
125156;12;5;17;1056(1) 1193(1) 2393(1) 4080(1) 5250(1) 5650(1) 6061(2) 6773(1) 7110(2) 9915(2) 9916(2) 14888(2) 15204(1) 16934(1) 17786(1) 20123(1) 20124(1)
109036;13;4;17;560(1) 1134(1) 1141(2) 2547(2) 3694(1) 9171(2) 9431(1) 10031(1) 10991(2) 11656(1) 12186(1) 15509(1) 15598(1) 15957(1) 16326(1) 16631(1) 18209(1)
76830;9;8;17;306(2) 1078(2) 1419(1) 2601(2) 3654(2) 3655(2) 6215(2) 6237(1) 8355(1) 9843(1) 10006(1) 11165(2) 13984(2) 14411(1) 14501(1) 17641(1) 20802(1)
78320;6;11;17;106(1) 2537(1) 3768(1) 4944(2) 6265(2) 6664(1) 9222(2) 10444(2) 11272(2) 12526(2) 12940(2) 15679(1) 15707(2) 17719(1) 18411(2) 18593(2) 19949(2)
63568;9;8;17;550(1) 4537(1) 6022(1) 8768(1) 12653(1) 12663(1) 14433(2) 15070(2) 16257(1) 16262(2) 16397(2) 16398(2) 16474(2) 17045(2) 17600(1) 20222(1) 20573(2)
39803;7;10;17;831(1) 1352(2) 3389(2) 3914(1) 4878(1) 5604(2) 7661(1) 9561(2) 15041(2) 15306(2) 16646(1) 16825(1) 17594(2) 19710(2) 19817(2) 20129(2) 20438(1)
42798;12;5;17;2181(1) 5803(2) 5981(2) 11275(1) 11528(2) 11712(1) 11977(1) 12145(1) 13023(1) 14020(1) 14655(1) 14990(1) 15538(1) 15718(2) 16602(1) 19323(2) 20847(1)
95657;10;7;17;827(1) 1866(2) 2248(1) 2571(2) 3974(2) 5435(2) 5656(1) 6043(2) 11242(1) 11431(1) 12231(1) 12560(1) 15215(2) 18019(1) 18426(2) 19122(1) 21252(1)
21703;12;5;17;1232(2) 1473(1) 1703(1) 2735(1) 4054(2) 4539(1) 4646(1) 4718(1) 5402(1) 6337(1) 8005(1) 9409(2) 9490(1) 10575(1) 10610(2) 16006(2) 19888(1)
42560;4;13;17;2174(2) 6337(1) 7354(2) 9105(2) 9918(2) 11188(2) 12499(2) 13201(2) 13356(2) 15176(1) 15423(2) 16381(2) 17331(1) 17553(2) 19607(1) 20115(2) 20869(2)
62562;13;4;17;2970(2) 3396(2) 9779(1) 9949(1) 13755(1) 13966(2) 14016(1) 14426(1) 14498(1) 14943(1) 15355(1) 15846(1) 16406(1) 16407(1) 16648(1) 18193(2) 20847(1)
61254;12;5;17;1299(1) 1548(1) 3693(2) 5245(1) 7772(1) 9949(1) 10712(2) 12091(1) 12330(2) 13462(2) 14599(1) 14750(1) 14814(2) 15942(1) 15948(1) 20846(1) 20847(1)
79418;12;5;17;123(2) 1233(1) 3343(2) 4291(1) 4618(1) 6022(1) 8220(1) 8383(1) 8739(2) 9068(2) 9383(1) 11342(1) 15962(1) 17346(1) 18983(1) 19709(1) 20861(2)
103018;7;10;17;812(2) 1676(2) 3829(2) 5068(1) 7968(2) 9739(2) 12405(1) 12946(2) 13697(1) 15656(1) 15942(1) 16134(2) 16343(2) 16712(1) 20035(2) 20298(2) 21256(1)
95364;12;5;17;1530(2) 2903(2) 3341(2) 3784(1) 8560(1) 9239(1) 10476(1) 11141(1) 12396(1) 12574(1) 13344(2) 14150(1) 15714(1) 15948(1) 16297(1) 18387(2) 20847(1)
95036;10;7;17;622(2) 789(2) 4724(2) 6779(1) 7078(1) 8940(2) 12046(1) 12975(1) 13702(1) 15202(2) 15486(1) 15813(2) 16391(1) 18885(2) 19628(1) 19721(1) 20538(1)
115787;9;8;17;1965(2) 2679(2) 3682(2) 4133(1) 5971(1) 6638(2) 7267(1) 8101(1) 8805(1) 8921(1) 9809(2) 10098(2) 11210(1) 11829(1) 14736(2) 16107(2) 18145(1)
19275;12;5;17;361(1) 638(2) 1952(1) 4618(1) 5009(1) 5681(1) 8681(1) 8809(2) 9161(1) 9383(1) 9837(1) 11355(1) 14312(1) 14769(2) 14770(2) 15068(1) 19051(2)
70452;12;5;17;3041(1) 4118(1) 6774(1) 7673(1) 8029(1) 9300(1) 9905(2) 10355(1) 13127(1) 15084(1) 16791(1) 18247(2) 18356(1) 19552(2) 20365(1) 20369(2) 21203(2)
137954;11;6;17;942(1) 4463(1) 7391(1) 8211(1) 8344(1) 9455(2) 9861(2) 11145(1) 11164(1) 11769(1) 11824(2) 12921(2) 14049(2) 14646(2) 19654(1) 21064(1) 21078(1)
11914;10;6;16;561(1) 2514(2) 2517(2) 2527(1) 4367(1) 5849(1) 6320(1) 8318(1) 8779(2) 9599(2) 10076(1) 11392(1) 11417(2) 16676(1) 18148(2) 18229(1)
16182;9;7;16;1301(2) 2329(1) 5215(1) 6965(2) 8122(1) 9273(1) 9742(1) 11666(2) 14429(1) 14792(1) 15731(2) 16531(2) 17184(1) 17255(2) 17853(1) 18400(2)
15496;3;13;16;1372(1) 2814(2) 4191(2) 6707(2) 8700(2) 10022(2) 10376(2) 10504(2) 13145(2) 14374(2) 14951(1) 15205(2) 16373(1) 16510(2) 20334(2) 21152(2)
28692;7;9;16;1751(2) 3243(1) 3676(2) 4397(1) 4787(1) 5383(2) 6006(2) 6010(2) 9051(2) 11947(2) 12073(1) 12169(2) 13081(1) 13925(1) 14571(1) 14948(2)
25444;5;11;16;6263(1) 7596(2) 8753(2) 10001(2) 10010(2) 10567(2) 10634(2) 11759(2) 13241(2) 14350(1) 14607(2) 14622(1) 14885(1) 15069(1) 15200(2) 15445(2)
18725;11;5;16;203(1) 3043(1) 4593(1) 4764(1) 6529(1) 9287(1) 10715(2) 13185(2) 14175(1) 14306(2) 14326(1) 14327(2) 14935(1) 15948(1) 16438(1) 17382(2)
78245;7;9;16;2430(1) 2772(2) 3150(2) 3890(1) 7694(2) 8344(2) 8619(1) 9105(1) 9382(2) 10687(2) 11091(1) 11890(1) 12180(2) 13099(2) 15895(1) 20339(2)
20938;13;3;16;805(1) 1277(2) 2380(1) 2474(1) 4228(1) 4309(1) 5557(1) 6677(1) 8292(1) 9300(1) 11453(1) 12102(1) 17442(2) 17577(2) 20112(1) 21140(1)
46938;4;12;16;763(1) 1292(1) 2562(2) 8070(2) 8071(2) 9085(2) 10288(1) 11608(2) 13539(2) 15690(2) 15693(2) 16494(2) 16500(2) 16501(2) 20756(2) 21214(1)
76373;9;7;16;1056(1) 1154(1) 1193(1) 4072(2) 4361(2) 5895(1) 6494(2) 6773(1) 14314(2) 16079(2) 17786(1) 18138(1) 18882(2) 19115(1) 20121(2) 20323(1)
41944;3;13;16;6767(2) 7106(2) 7399(2) 8573(2) 9054(1) 9728(2) 13593(2) 14343(1) 14647(2) 15073(2) 15437(2) 15732(2) 16080(2) 16092(1) 16745(2) 18344(2)
38790;3;13;16;3615(2) 5083(2) 9990(2) 9992(1) 12710(1) 13314(2) 13863(2) 14683(2) 15298(2) 15790(1) 15896(2) 16585(2) 16612(2) 17976(2) 18270(2) 21067(2)
53369;10;6;16;1702(1) 2873(1) 3626(1) 4537(1) 5222(2) 5440(2) 6479(2) 6735(1) 7378(1) 8029(1) 8719(2) 9300(1) 18729(2) 19392(1) 19961(1) 20233(2)
33974;7;9;16;911(1) 2330(2) 2848(1) 2857(2) 2901(2) 6729(1) 7013(1) 8322(2) 8678(2) 8853(1) 11655(2) 11662(1) 13745(1) 14999(2) 16484(2) 18836(2)
38786;10;6;16;2238(1) 2363(1) 4346(2) 6238(2) 6450(2) 8697(2) 10496(1) 12098(1) 14273(2) 14280(1) 16164(1) 16379(1) 17126(1) 19991(2) 20982(1) 21267(1)
47144;8;8;16;230(1) 2153(1) 4697(2) 4868(1) 5384(1) 5400(2) 5482(2) 5996(2) 7241(1) 12112(2) 13021(1) 16601(2) 16692(1) 18299(2) 18512(2) 19046(1)
50780;5;11;16;2045(2) 2121(2) 2124(2) 3427(2) 3852(2) 6773(1) 7501(2) 8363(1) 10060(2) 11094(1) 11843(1) 13685(1) 14930(2) 15623(2) 18173(2) 18484(2)
51515;12;4;16;1233(1) 2025(1) 2415(1) 3044(1) 4123(2) 6022(1) 6997(1) 11342(1) 11977(1) 12013(1) 12208(2) 18337(2) 18845(2) 19074(1) 20300(1) 20847(1)
44555;12;4;16;2734(1) 3066(1) 4769(2) 5647(2) 7311(1) 9058(2) 11294(1) 11377(1) 13529(1) 13989(1) 14440(2) 14832(1) 18007(1) 18258(1) 19115(1) 20700(1)
64912;10;6;16;2779(2) 4249(2) 5199(2) 6508(2) 8459(1) 8768(1) 8773(2) 9011(1) 11037(1) 11423(1) 12374(1) 14328(2) 16015(1) 20566(1) 20569(1) 20576(1)
42472;11;5;16;888(2) 4129(1) 5667(1) 9668(2) 9949(1) 10677(2) 11854(1) 12145(1) 13417(1) 14688(2) 15020(2) 15922(1) 15942(1) 19191(1) 19396(1) 20847(1)
66541;11;5;16;1233(1) 3044(1) 4129(1) 7838(2) 8669(2) 10808(1) 11315(2) 12145(1) 13079(1) 13529(1) 13883(2) 14038(1) 14916(2) 15538(1) 16512(1) 19709(1)
40878;4;12;16;3465(2) 4267(2) 5989(1) 6066(2) 6565(2) 9325(2) 11273(2) 12956(2) 14085(2) 14690(2) 15125(1) 15520(2) 15811(2) 20584(1) 20585(2) 21064(1)
72567;12;4;16;1056(1) 1702(1) 1711(2) 2873(1) 4418(1) 5895(1) 8029(1) 8722(1) 8988(1) 12349(1) 14314(1) 14398(2) 16225(2) 17786(1) 18138(1) 18750(2)
122293;12;4;16;230(1) 2645(1) 3880(2) 4622(1) 5481(1) 5497(1) 6923(1) 8651(1) 8979(1) 10324(2) 13582(1) 15948(1) 17883(2) 20092(2) 20104(1) 20105(1)
87256;10;6;16;3107(2) 3160(1) 5202(1) 6520(1) 7759(1) 8540(1) 10889(2) 11031(1) 13363(2) 13641(1) 13721(2) 13757(1) 14444(1) 14641(2) 15948(1) 17654(2)
137897;10;6;16;345(1) 957(1) 968(2) 2774(2) 5599(2) 6735(1) 10328(1) 10462(1) 11294(1) 12174(2) 14660(2) 15256(2) 18469(1) 19115(1) 19392(1) 20767(1)
95079;3;13;16;351(2) 2928(2) 3258(1) 4192(2) 9437(2) 10362(1) 11066(1) 12871(2) 13046(2) 13874(2) 13962(2) 15097(2) 18486(2) 18487(2) 18488(2) 18489(2)
94166;8;8;16;4521(2) 11213(2) 11823(2) 12085(2) 12780(1) 13673(1) 14026(1) 14743(2) 15957(1) 16538(1) 17583(1) 19956(2) 19957(2) 20218(1) 20583(1) 21093(2)
94693;11;5;16;625(1) 1175(2) 6956(1) 7129(1) 8130(2) 8603(1) 9389(1) 14411(1) 14511(2) 14514(1) 14864(2) 15930(2) 18135(1) 18652(1) 20284(1) 20802(1)
96700;6;10;16;414(1) 4829(2) 7695(2) 8531(1) 9886(2) 10980(1) 11524(2) 13830(2) 15998(2) 16586(1) 16984(2) 18179(1) 19133(2) 20501(2) 21139(2) 21177(1)
108970;10;6;16;468(1) 1597(2) 3002(1) 4368(2) 4908(1) 8731(1) 9628(2) 10028(2) 10452(1) 10485(2) 13517(1) 14854(2) 15361(1) 15948(1) 18221(1) 19788(1)
51402;2;14;16;1093(2) 1411(2) 4941(2) 6048(2) 6521(1) 6604(2) 7262(2) 8176(1) 8199(2) 8631(2) 9263(2) 13229(2) 13656(2) 16351(2) 18265(2) 19277(2)
47886;5;11;16;2068(2) 2134(1) 4592(2) 5108(2) 5295(2) 6608(2) 6892(2) 10738(2) 11139(2) 12791(2) 13143(1) 13851(1) 16256(2) 16752(1) 18333(1) 19089(2)
104199;3;13;16;757(2) 3033(2) 3426(1) 4109(1) 4242(2) 6646(2) 7047(2) 8550(2) 11813(2) 12802(2) 13395(1) 14259(2) 15439(2) 16432(2) 18610(2) 18829(2)
58117;4;12;16;314(2) 1764(2) 1924(2) 6300(1) 6495(2) 7459(2) 8120(2) 8944(1) 9107(2) 9123(2) 9843(1) 12704(1) 13976(2) 14137(2) 14518(2) 16095(2)
28025;6;10;16;10(2) 1968(1) 2313(2) 3038(1) 4217(2) 5228(1) 10229(2) 10940(2) 11066(2) 11538(1) 11782(2) 15143(2) 15562(1) 15903(1) 16431(2) 18334(2)
146165;12;4;16;1354(2) 5823(1) 6267(1) 7432(2) 9811(1) 11431(1) 11477(1) 11629(1) 12607(1) 13415(1) 13787(2) 14228(1) 15067(2) 15870(1) 17499(1) 19122(1)
148328;12;4;16;159(1) 3462(2) 7541(1) 7548(2) 9800(2) 11145(1) 11463(1) 11769(1) 12096(1) 14007(1) 14431(1) 14439(1) 15957(1) 16538(1) 19584(1) 19754(2)
45430;13;3;16;794(1) 2376(1) 2415(1) 4421(1) 8994(1) 10217(2) 10250(1) 11514(2) 12044(1) 12289(1) 12719(1) 15832(1) 15948(1) 19553(2) 20847(1) 21208(1)
61609;12;4;16;3249(2) 4431(1) 7541(1) 11587(1) 12780(1) 13273(2) 13430(1) 13673(1) 14342(1) 14349(1) 15957(1) 16269(1) 16538(1) 17583(1) 18335(2) 20218(2)
65424;12;4;16;3362(1) 8645(2) 10070(1) 11427(1) 11575(1) 11849(1) 11964(1) 12125(1) 13496(1) 14311(2) 14313(2) 15633(1) 15968(1) 16571(1) 16572(2) 16928(1)
53170;12;4;16;235(1) 1318(1) 2030(1) 2415(1) 4176(1) 5681(1) 7687(1) 8251(1) 9383(1) 17357(2) 17487(2) 17769(1) 17967(2) 19712(1) 19715(2) 19974(1)
89973;12;4;16;3(1) 27(1) 33(2) 1221(1) 3864(2) 4676(1) 5396(1) 6022(1) 7407(2) 8035(1) 10398(1) 17302(1) 18007(1) 19211(1) 19242(1) 19631(2)
47317;9;7;16;232(1) 2415(1) 3044(1) 6605(1) 9383(1) 10365(1) 10489(2) 10905(2) 10906(2) 12048(1) 12930(2) 13661(2) 15182(2) 18301(1) 20847(1) 21171(2)
13053;6;9;15;16832(1) 17158(1) 17480(1) 17494(1) 18296(1) 18524(2) 18549(2) 18569(2) 18897(2) 19058(2) 19485(2) 19579(2) 19802(2) 20488(1) 21011(2)
63587;9;6;15;1377(2) 1448(1) 5448(1) 8403(1) 10551(1) 13033(1) 13373(1) 17596(1) 18443(2) 19181(2) 19182(2) 19184(2) 19191(1) 19882(2) 20458(1)
20088;3;12;15;742(1) 2107(2) 2437(2) 4690(2) 5251(2) 5352(2) 7269(2) 7462(1) 8804(2) 9388(2) 9584(2) 12123(2) 12549(2) 13428(2) 13529(1)
60198;9;6;15;550(1) 629(1) 920(2) 2028(1) 2135(1) 3707(2) 3837(1) 3922(1) 4112(1) 4174(2) 5790(1) 7983(1) 9544(2) 13184(2) 15364(2)
50518;11;4;15;1847(1) 3136(2) 3652(1) 4813(1) 5041(2) 5136(1) 7301(1) 7460(1) 8588(1) 11222(2) 12231(1) 12264(2) 21001(1) 21023(1) 21243(1)
89413;11;4;15;391(2) 629(1) 794(1) 2415(1) 3183(1) 3798(2) 4537(1) 5559(2) 5569(1) 6022(1) 7456(1) 8654(1) 9300(1) 18917(1) 18948(2)
24221;3;12;15;160(2) 840(2) 2884(2) 7807(2) 11572(2) 12295(2) 13866(2) 14962(2) 15524(2) 16395(2) 19115(1) 19447(1) 19449(2) 19467(2) 20055(1)
71011;6;9;15;2147(1) 3198(1) 3763(2) 5904(2) 7464(1) 7953(2) 8225(2) 8802(2) 12139(2) 14583(2) 14677(2) 16783(1) 17584(1) 19511(1) 20392(2)
60231;7;8;15;4117(2) 17777(2) 18224(1) 18282(1) 18440(2) 18530(1) 18728(2) 18959(1) 18970(2) 18974(2) 19244(2) 19617(1) 19658(2) 20638(1) 20789(1)
74499;8;7;15;304(2) 985(2) 4208(2) 4537(1) 6952(1) 7249(1) 8079(1) 8928(2) 10884(1) 12349(1) 12551(2) 15055(2) 15789(2) 18580(1) 18965(1)
94052;8;7;15;5103(2) 7437(2) 16854(1) 16879(1) 16912(1) 16953(2) 16998(2) 17136(1) 17173(2) 17266(1) 17292(2) 17408(2) 17410(1) 17800(1) 20454(1)
108755;10;5;15;794(1) 2000(2) 8768(1) 10054(1) 10250(1) 13370(1) 15922(1) 15948(1) 16187(2) 17142(1) 17315(2) 18145(1) 18842(2) 19293(1) 19435(2)
80124;8;7;15;957(1) 1146(1) 1325(2) 2279(2) 2907(1) 3935(1) 4537(1) 6735(1) 6762(2) 10582(1) 12576(2) 14553(1) 15053(2) 18733(2) 19539(2)
152785;7;8;15;44(1) 913(1) 1239(2) 1721(2) 3128(2) 3664(2) 4126(2) 6526(2) 8352(2) 9637(1) 11496(2) 13529(1) 17302(1) 19211(1) 20256(1)
24908;12;3;15;3342(1) 4022(1) 4804(2) 5216(2) 6178(1) 6719(1) 11896(1) 12141(1) 12697(1) 14064(1) 15488(1) 18124(2) 18723(1) 19783(1) 21149(1)
98911;7;8;15;1735(1) 1758(1) 5303(2) 5449(2) 6773(1) 7199(2) 9850(2) 11489(2) 13033(1) 15530(1) 17538(2) 17693(1) 19115(1) 19297(2) 19299(2)
53092;4;11;15;550(1) 4130(2) 4537(1) 5149(2) 6052(2) 6673(1) 7545(2) 9997(2) 10505(2) 10595(2) 15300(2) 15305(2) 15322(2) 16476(2) 19112(1)
70984;6;9;15;370(1) 465(2) 1583(2) 3151(2) 8244(2) 10197(2) 10712(1) 13209(1) 14815(1) 14847(2) 15942(1) 16828(1) 16890(2) 18088(2) 20017(2)
12584;13;2;15;1162(1) 1907(1) 2432(1) 3552(1) 3787(1) 4404(1) 6118(1) 7202(1) 10472(1) 11575(1) 12249(1) 13567(2) 14563(2) 16596(1) 19593(1)
88264;8;7;15;1007(2) 1211(2) 1215(2) 1688(1) 2309(1) 2991(2) 3614(2) 4822(1) 5311(1) 5764(1) 7454(1) 7651(2) 7655(2) 7933(1) 14762(1)
139588;10;5;15;874(2) 2128(2) 3433(1) 6546(1) 10344(1) 11100(1) 12780(1) 16269(1) 16429(2) 16538(1) 16570(1) 17516(1) 18589(2) 20042(1) 20099(2)
107228;10;5;15;1732(2) 3753(1) 5085(1) 8184(2) 9707(1) 9978(1) 10728(2) 10744(1) 10822(1) 12593(2) 14642(1) 15995(1) 17697(2) 19585(1) 20218(1)
105907;9;6;15;2953(2) 5826(1) 6896(1) 9383(1) 9949(1) 11035(1) 11729(2) 11730(2) 12615(2) 12789(1) 12824(1) 14195(2) 14271(2) 15855(1) 20847(1)
146753;11;4;15;629(1) 2717(2) 6022(1) 6055(2) 7160(1) 8358(2) 9641(1) 10250(1) 10840(2) 13841(1) 13960(1) 14877(1) 15832(1) 19117(1) 19638(1)
155598;7;8;15;434(1) 3195(2) 6617(1) 6725(2) 7930(1) 7945(2) 10866(2) 11064(1) 13667(2) 14015(1) 14121(2) 14449(2) 15798(2) 16543(1) 18733(1)
97014;11;4;15;2645(1) 5102(1) 7399(1) 9666(1) 11331(1) 13119(2) 13286(2) 13288(1) 14841(2) 16010(1) 16323(2) 16695(1) 19115(1) 19699(1) 20750(1)
158435;11;4;15;854(1) 3577(2) 5045(1) 5071(2) 6001(1) 9194(1) 10353(1) 11511(2) 12597(1) 13504(1) 14655(1) 15948(1) 18401(1) 20787(2) 20846(1)
18283;7;7;14;522(2) 524(2) 569(2) 1889(2) 3713(1) 5226(2) 6598(1) 7528(1) 8426(1) 8435(1) 11996(1) 15870(1) 18627(2) 19495(2)
20666;10;4;14;2799(2) 3542(1) 4796(2) 5283(2) 7248(1) 7995(1) 8185(1) 8187(1) 9501(1) 9547(1) 12173(1) 12363(1) 13630(1) 15116(2)
19662;1;13;14;2763(2) 2769(2) 2792(1) 2960(2) 4163(2) 4360(2) 4488(2) 4655(2) 8194(2) 11624(2) 12269(2) 12861(2) 13368(2) 19248(2)
19129;5;9;14;163(2) 1684(2) 2376(2) 4421(2) 4721(2) 5292(2) 5858(2) 8994(2) 9287(1) 11067(2) 11230(1) 12044(1) 15948(1) 20847(1)
28516;12;2;14;630(1) 5464(2) 5681(1) 9161(1) 9383(1) 9868(1) 10050(1) 11355(1) 13299(1) 14630(1) 14767(2) 14769(1) 16518(1) 19234(1)
36715;0;14;14;1897(2) 1898(2) 4311(2) 4979(2) 5208(2) 5324(2) 6622(2) 6882(2) 7708(2) 8841(2) 11309(2) 13209(2) 15592(2) 17813(2)
12403;11;3;14;83(1) 1918(1) 2118(1) 4207(2) 5507(1) 6483(1) 8017(1) 8126(2) 8129(2) 8210(1) 11133(1) 11849(1) 12468(1) 15633(1)
15080;2;12;14;4482(2) 4730(1) 5659(2) 9312(2) 9941(2) 10591(2) 11845(2) 13263(2) 15460(2) 17592(2) 18194(2) 19101(2) 19811(2) 20846(1)
21501;4;10;14;395(2) 1702(1) 3053(1) 3423(2) 3740(2) 4537(1) 4547(2) 10547(2) 10884(2) 12294(2) 12880(2) 14804(2) 15323(2) 18965(1)
68308;6;8;14;1702(1) 4274(2) 4537(1) 6735(1) 9221(2) 9443(2) 10858(2) 11167(1) 11189(1) 12018(1) 13754(2) 16439(2) 19556(2) 20208(2)
41232;2;12;14;2764(2) 4097(2) 4109(1) 6938(2) 12800(2) 16870(2) 17004(1) 17395(2) 17424(2) 17944(2) 18770(2) 18779(2) 19967(2) 20398(2)
47630;9;5;14;368(1) 509(2) 1082(2) 1586(1) 6286(1) 6287(1) 9638(1) 10406(2) 11636(2) 12737(1) 15463(1) 16785(1) 17872(1) 21057(2)
110438;5;9;14;144(1) 344(2) 587(1) 2422(1) 4489(2) 5715(2) 7450(1) 11080(2) 11274(2) 11389(2) 11681(2) 12367(2) 16286(2) 20836(1)
13847;10;4;14;184(1) 3702(1) 4618(1) 6021(1) 10475(1) 10957(2) 11702(1) 13860(2) 15797(2) 18890(1) 20021(1) 20895(1) 21129(1) 21155(2)
13054;3;11;14;16938(2) 16968(1) 17063(2) 17066(1) 17371(2) 17731(2) 18586(2) 19578(2) 19694(2) 20164(1) 20166(2) 20168(2) 20739(2) 20933(2)
51398;10;4;14;3958(2) 5126(1) 6140(2) 6917(1) 7204(1) 7692(1) 7701(1) 9737(1) 12394(1) 12395(2) 13496(1) 16216(1) 18399(2) 21179(1)
45289;5;9;14;412(1) 986(2) 1311(2) 3256(2) 5371(2) 8832(2) 10193(2) 13481(2) 13940(1) 13988(1) 20244(2) 20655(2) 20662(1) 20741(1)
42440;10;4;14;3074(2) 4499(1) 8726(2) 10625(1) 11656(1) 11843(1) 12141(1) 13430(1) 13851(1) 14836(1) 15184(2) 15393(2) 16092(1) 20748(1)
44330;5;9;14;4450(2) 4958(2) 5665(2) 7728(2) 8531(1) 10059(2) 12027(2) 12217(1) 14441(2) 14674(1) 18179(1) 19892(2) 19899(2) 19964(1)
93446;9;5;14;16937(1) 17069(2) 17162(1) 17272(1) 17275(2) 17287(2) 17376(1) 17449(1) 17766(2) 18114(2) 19179(1) 19947(1) 19988(1) 20465(1)
18624;10;4;14;1193(1) 1256(1) 2393(1) 3005(2) 4231(1) 4930(1) 5632(1) 7816(2) 10243(1) 12904(2) 16744(2) 17786(1) 18052(1) 20124(1)
35260;12;2;14;1040(1) 3592(1) 3869(1) 4816(2) 5154(1) 5861(2) 6631(1) 7351(1) 9267(1) 10398(1) 19224(1) 20256(1) 20390(1) 20422(1)
83442;7;7;14;227(1) 727(1) 755(1) 1782(2) 2990(2) 3702(1) 4618(1) 5998(2) 6594(2) 9081(2) 9083(2) 15948(1) 16855(2) 21219(1)
135740;6;8;14;3000(1) 7745(1) 16445(1) 17840(1) 18163(2) 18964(2) 19358(2) 19408(1) 19461(2) 19745(2) 20312(2) 20662(1) 20732(2) 21245(2)
139861;10;4;14;711(1) 7203(1) 8322(1) 9843(1) 9992(1) 10000(2) 14523(2) 14618(2) 14999(1) 16606(2) 16612(1) 16732(1) 16760(1) 17822(1)
32725;1;13;14;3447(2) 3451(2) 3459(2) 4007(1) 4501(2) 8376(2) 9456(2) 10423(2) 12079(2) 12104(2) 12110(2) 15905(2) 16568(2) 16759(2)
26610;11;3;14;1551(1) 4593(1) 5334(1) 6082(2) 7770(1) 11697(2) 12846(1) 12907(1) 14599(1) 15948(1) 17555(1) 17998(1) 18636(2) 20846(1)
42844;10;4;14;4305(1) 6964(1) 11183(1) 11207(1) 11410(2) 11958(1) 12663(1) 13518(1) 13859(2) 14796(1) 14810(2) 19726(1) 19742(1) 20364(2)
64914;9;5;14;535(1) 6037(1) 7611(2) 8884(2) 10026(2) 11037(1) 11200(1) 12303(2) 14085(1) 15520(1) 15735(1) 16015(1) 18079(2) 20584(1)
60407;9;5;14;16930(1) 16938(1) 17062(1) 17132(1) 17148(2) 17209(2) 17303(1) 17335(1) 17563(2) 17620(1) 19985(2) 20018(2) 20461(1) 20933(1)
152313;9;5;14;512(1) 1978(1) 3048(2) 3748(1) 8787(1) 8941(1) 10320(1) 14096(2) 14886(2) 16316(2) 16342(1) 16412(1) 16590(1) 19070(2)
25797;11;3;14;1486(1) 6263(1) 8116(1) 8271(1) 8338(1) 13317(1) 14325(1) 14562(1) 14621(1) 14638(2) 15700(1) 16136(2) 18701(2) 20747(1)
50264;11;3;14;1461(1) 1660(1) 2010(2) 3985(1) 4387(1) 7338(2) 8742(2) 9303(1) 9617(1) 12252(1) 14140(1) 14836(1) 16667(1) 17268(1)
92740;1;13;14;239(2) 461(2) 462(2) 463(1) 1609(2) 1627(2) 1639(2) 1872(2) 8883(2) 9340(2) 9827(2) 9953(2) 10432(2) 18093(2)
42886;11;3;14;468(1) 2696(1) 3176(2) 4305(1) 6171(1) 6819(1) 7456(1) 13370(1) 13659(2) 15297(1) 16485(2) 19628(1) 20539(1) 20546(1)
140243;11;3;14;5689(1) 8565(1) 8971(1) 9356(1) 11089(2) 11663(1) 12141(1) 13385(1) 15183(1) 16060(1) 16725(1) 19585(1) 21015(2) 21068(2)
155417;9;5;14;2927(1) 4676(1) 4821(1) 7064(2) 7328(2) 9265(2) 11383(1) 12797(1) 15020(1) 15594(2) 18007(1) 19261(2) 20422(1) 20446(1)
169860;10;4;14;664(1) 1818(2) 2631(1) 4064(2) 4752(2) 6312(1) 6438(1) 6442(2) 6631(1) 6639(1) 8454(1) 8601(1) 13109(1) 18145(1)
98926;9;5;14;79(2) 826(2) 6626(1) 7129(1) 8823(1) 10392(1) 10404(1) 12781(2) 13354(2) 14514(1) 14637(1) 18372(1) 20802(1) 20896(2)
62923;7;7;14;3279(1) 3820(2) 5229(2) 7825(2) 9297(2) 12222(1) 12527(2) 14755(2) 15414(1) 15633(1) 16754(2) 16987(1) 17137(1) 18596(1)
76032;11;3;14;485(1) 2924(1) 3044(1) 3293(1) 5603(1) 6686(2) 7337(1) 9896(2) 12305(1) 12845(1) 12905(1) 13553(1) 14852(2) 15960(1)
78498;6;8;14;1071(2) 3130(2) 4164(2) 4166(2) 6643(2) 9506(2) 10987(1) 11968(1) 12141(1) 13360(2) 15183(1) 15736(1) 16181(1) 16815(2)
100045;8;6;14;570(1) 4499(1) 4954(1) 6360(2) 8485(1) 8517(2) 9505(2) 11112(1) 12001(1) 12983(1) 16748(2) 16796(2) 19032(2) 19914(1)
102611;5;9;14;701(2) 835(2) 1667(2) 7869(1) 8284(2) 13358(2) 14549(1) 16196(2) 16209(1) 16486(1) 17820(1) 18199(2) 19016(2) 19728(2)
183795;10;4;14;607(1) 2165(1) 2863(2) 6673(1) 6735(1) 7625(1) 9302(2) 13502(1) 15724(1) 15796(2) 15856(2) 18007(1) 18579(1) 19115(1)
101278;11;3;14;669(1) 723(2) 821(1) 1551(1) 5069(1) 8220(2) 10593(2) 12259(1) 15948(1) 17076(1) 19398(1) 19399(1) 19598(1) 19600(1)
138018;6;8;14;665(2) 4464(2) 5053(2) 8021(2) 9611(2) 12262(1) 13361(1) 15579(1) 16025(2) 16539(2) 18251(1) 19592(1) 19975(1) 19992(2)
170183;7;7;14;1196(1) 3199(2) 3588(2) 4531(1) 6187(2) 7118(2) 7547(1) 8293(1) 11431(1) 11615(1) 14629(2) 17462(2) 18807(2) 20595(1)
136349;7;7;14;1546(2) 1565(2) 3057(1) 5538(2) 5565(1) 6773(1) 8356(2) 13529(1) 16907(1) 18286(2) 19211(1) 19950(2) 20548(2) 21194(1)
6398;1;12;13;1190(2) 1271(2) 2051(2) 3994(2) 4495(2) 4497(2) 4613(2) 6714(2) 9055(2) 11083(1) 13420(2) 14023(2) 21153(2)
10792;0;13;13;561(2) 2519(2) 4367(2) 5849(2) 6320(2) 8318(2) 10076(2) 11392(2) 11414(2) 11415(2) 11416(2) 16676(2) 17759(2)
11375;9;4;13;150(1) 1533(2) 1596(2) 2561(1) 6161(2) 6484(1) 8017(1) 8576(1) 9333(2) 9736(1) 11964(1) 19425(1) 19594(1)
13090;1;12;13;17242(2) 17297(2) 17588(2) 17595(2) 17721(2) 17729(2) 17743(2) 17831(2) 18577(2) 18622(2) 18837(2) 19284(1) 20161(2)
21466;9;4;13;419(1) 1495(1) 2699(1) 2817(1) 3619(1) 4416(1) 8634(2) 10589(1) 11522(1) 11771(2) 12701(2) 14883(2) 18455(1)
35131;4;9;13;525(2) 2850(2) 2941(1) 2943(1) 2956(2) 4587(2) 8621(2) 8693(1) 9882(2) 9888(2) 11660(2) 12911(2) 12997(1)
27082;2;11;13;2213(2) 6837(2) 6838(2) 6902(2) 7670(2) 7833(2) 9587(2) 11037(1) 14550(2) 14710(2) 15188(2) 15735(2) 20584(1)
22603;2;11;13;16958(2) 17423(2) 17660(1) 17761(2) 17782(2) 17814(2) 17886(2) 18171(2) 18562(2) 18877(2) 20143(2) 20230(1) 21012(2)
14962;6;7;13;2954(2) 3771(2) 7520(1) 8037(1) 8062(2) 8593(1) 8702(1) 9012(2) 14976(2) 17002(1) 18867(2) 20620(1) 20622(2)
46727;3;10;13;368(2) 5162(2) 5818(2) 6038(1) 6286(2) 6287(2) 9638(2) 11061(2) 15463(2) 15695(2) 16785(2) 16960(1) 17872(1)
24821;11;2;13;4367(1) 6320(1) 9949(1) 11354(2) 11415(1) 11417(1) 15922(1) 15948(1) 16590(1) 16676(1) 18761(2) 20846(1) 20847(1)
49188;10;3;13;544(1) 1952(1) 3112(2) 4109(1) 5681(1) 6898(2) 8426(1) 9161(1) 11616(2) 11700(1) 15870(1) 18523(1) 20150(1)
54589;11;2;13;1702(1) 2873(1) 4537(1) 4688(1) 6149(1) 6614(1) 6952(1) 8139(1) 9182(2) 9418(1) 13668(2) 14139(1) 14593(1)
15285;1;12;13;325(2) 3334(2) 7444(2) 8110(2) 8680(2) 10063(2) 13699(2) 17221(2) 17853(1) 17869(2) 18772(2) 20460(2) 21016(2)
55473;11;2;13;1594(1) 5334(1) 5851(1) 5865(2) 6477(1) 7916(1) 7950(1) 8012(1) 8377(1) 9206(1) 9378(1) 12365(2) 15585(1)
60534;6;7;13;460(1) 16819(1) 16972(2) 17377(1) 17459(2) 17919(2) 17937(1) 18060(2) 18087(2) 18548(2) 19268(2) 19739(1) 21218(1)
87807;3;10;13;548(2) 1509(2) 4015(2) 5389(2) 6334(2) 6820(2) 7381(2) 9327(2) 14258(1) 15140(2) 18406(2) 18813(1) 19440(1)
38651;5;8;13;6238(1) 10496(1) 10585(2) 12257(1) 12537(2) 13506(2) 14280(2) 16164(1) 16379(2) 17126(2) 18506(2) 20982(1) 21267(2)
28302;2;11;13;500(2) 5073(2) 5335(2) 6380(2) 6715(2) 6940(2) 7268(1) 10752(2) 11454(2) 11858(2) 13961(2) 14073(1) 18458(2)
19945;2;11;13;629(1) 651(2) 2033(2) 2994(2) 3115(2) 5790(1) 8379(2) 8875(2) 10271(2) 10272(2) 13971(2) 15340(2) 20305(2)
28405;8;5;13;5312(1) 6912(1) 7145(2) 7220(1) 7567(2) 9149(1) 10033(1) 11296(2) 14752(1) 16108(2) 16537(1) 18858(1) 20367(2)
98769;6;7;13;3117(2) 3665(2) 4849(2) 8383(1) 11011(1) 12632(2) 13237(1) 13529(1) 17524(2) 17891(1) 17897(1) 20319(2) 20687(2)
97566;8;5;13;596(1) 869(2) 5146(2) 5724(2) 6458(1) 8041(2) 9702(1) 11564(1) 14112(1) 14532(2) 16444(1) 18179(1) 19964(1)
97714;6;7;13;989(2) 3553(1) 5257(1) 6495(1) 7920(1) 8305(2) 9911(1) 13062(2) 15893(2) 16778(2) 17750(1) 18131(2) 18940(2)
41277;11;2;13;1187(1) 2959(1) 4275(2) 4891(1) 7710(1) 10288(1) 11263(1) 11739(1) 16503(2) 17346(1) 18379(1) 19607(1) 20615(1)
71847;10;3;13;2381(1) 6268(1) 6676(1) 7610(1) 8011(1) 8309(2) 9251(1) 9401(1) 12519(1) 13892(1) 14578(1) 17080(2) 17818(2)
138958;8;5;13;3304(2) 4463(1) 4511(2) 8350(1) 8361(2) 9481(1) 12144(2) 15957(1) 16538(1) 16570(1) 18335(1) 20583(1) 20749(2)
68395;11;2;13;3131(1) 3822(2) 4198(2) 4326(1) 4627(1) 5202(1) 6485(1) 12502(1) 13276(1) 15213(1) 15955(1) 19424(1) 19425(1)
77981;9;4;13;939(1) 1026(1) 1488(1) 1784(1) 5744(1) 9453(2) 9600(1) 10286(1) 13692(1) 14422(2) 15890(1) 18710(2) 20808(2)
101734;8;5;13;165(2) 4652(2) 7178(1) 7635(2) 7876(1) 8958(1) 10021(2) 11707(1) 13315(1) 14972(1) 20413(2) 20430(1) 21208(1)
121257;3;10;13;2632(2) 4747(2) 6698(1) 6793(1) 7658(1) 7883(2) 8294(2) 9021(2) 9392(2) 14929(2) 15601(2) 16341(2) 19407(2)
28298;0;13;13;2965(2) 5312(2) 6912(2) 7220(2) 7591(2) 8291(2) 9149(2) 10033(2) 11630(2) 14752(2) 16131(2) 16537(2) 18858(2)
144760;8;5;13;4426(1) 4537(1) 4882(2) 7757(2) 8029(1) 9271(1) 10195(2) 12984(1) 13127(1) 14496(2) 14497(2) 15444(1) 21203(1)
164442;9;4;13;2898(1) 3109(1) 4676(1) 5022(2) 5253(2) 6865(1) 7044(2) 8383(1) 8979(1) 12145(1) 13529(1) 14675(2) 20435(1)
115308;8;5;13;2606(2) 4777(1) 5318(2) 5525(1) 8286(1) 8497(1) 8778(1) 11190(1) 12469(1) 15753(2) 18716(2) 19768(2) 20653(1)
103661;10;3;13;739(1) 3061(1) 3865(1) 5427(1) 5498(1) 10118(2) 13749(1) 15255(1) 15496(1) 15825(1) 16770(2) 20078(1) 20149(2)
104093;10;3;13;1634(1) 2440(2) 2456(2) 2770(1) 5819(1) 8016(1) 8134(1) 9337(1) 11337(2) 12252(1) 17188(1) 20526(1) 21125(1)
108120;6;7;13;105(2) 2710(2) 3351(2) 5755(1) 5756(2) 5760(1) 8316(2) 9615(1) 13196(1) 13835(1) 18121(1) 19502(2) 19503(2)
139176;9;4;13;1259(1) 9048(2) 10575(1) 10619(1) 10641(1) 10686(1) 10870(2) 14105(2) 14954(1) 15858(2) 16152(1) 17413(1) 18058(1)
186951;6;7;13;819(2) 3472(2) 3489(2) 3522(1) 6277(2) 6292(1) 7352(2) 8813(2) 8859(1) 11431(1) 16840(2) 20481(1) 20662(1)
162528;10;3;13;1150(2) 1551(1) 5109(2) 5499(1) 5729(1) 6843(1) 7077(1) 9452(1) 10559(2) 13529(1) 17486(1) 18575(1) 19208(1)
65077;8;5;13;1289(2) 3293(1) 4664(2) 4679(2) 5598(2) 6185(1) 11195(1) 13331(1) 14403(1) 15714(1) 16141(1) 17674(1) 20854(2)
92603;7;6;13;108(1) 2303(1) 2709(2) 2714(1) 4328(2) 6124(2) 8913(1) 9186(2) 12393(2) 13457(2) 14847(1) 15942(1) 16512(1)
105450;5;8;13;1764(1) 3997(2) 6201(1) 6282(2) 6545(2) 9497(2) 10956(2) 14084(2) 14518(1) 14555(2) 15823(2) 20751(1) 20799(1)
182091;7;6;13;5457(2) 6861(2) 7901(2) 9324(2) 12789(1) 15656(1) 15962(1) 16712(2) 18584(2) 19536(1) 19566(1) 20298(1) 21256(1)
138844;10;3;13;1406(1) 3564(1) 4339(1) 10812(1) 11550(2) 12098(1) 12916(1) 13819(1) 15875(2) 16387(1) 19902(2) 20982(1) 20983(1)
78704;10;3;13;588(1) 664(1) 3300(2) 3982(1) 4739(2) 6537(1) 8026(1) 8454(1) 9533(1) 10908(1) 18135(1) 20325(2) 20802(1)
143754;7;6;13;2637(2) 5097(1) 6994(2) 7376(2) 10490(2) 12255(1) 12988(2) 13353(2) 13656(1) 16985(1) 19030(1) 19178(1) 19293(1)
58244;11;2;13;550(1) 2135(2) 2248(1) 3837(1) 3922(1) 4252(1) 4532(1) 5790(1) 10581(1) 12331(2) 12491(1) 15870(1) 19112(1)
184654;9;4;13;4439(2) 8477(2) 8565(1) 9954(1) 10634(1) 11023(2) 12245(2) 13480(1) 15509(1) 15957(1) 16358(1) 16732(1) 17514(1)
194889;8;5;13;1280(2) 5557(1) 5567(2) 7208(2) 7800(1) 8834(1) 10128(1) 10656(1) 12329(2) 13549(1) 14064(1) 14339(1) 19942(2)
9920;11;1;12;232(1) 300(1) 1318(1) 5681(1) 9362(1) 9837(1) 10050(1) 11355(1) 17995(1) 18366(1) 19234(1) 19247(2)
11745;10;2;12;561(1) 2519(1) 2527(2) 4367(1) 5849(1) 6320(1) 8318(1) 10076(1) 11392(1) 11415(1) 16676(1) 18229(2)
21165;1;11;12;419(2) 1495(2) 2699(2) 2817(2) 3619(2) 4213(2) 4416(2) 8497(2) 10589(2) 15758(2) 17180(1) 18455(2)
34879;0;12;12;1268(2) 2071(2) 2838(2) 3020(2) 4926(2) 5517(2) 6244(2) 6810(2) 6993(2) 8413(2) 9892(2) 20370(2)
27083;10;2;12;2561(1) 3131(1) 5693(1) 7206(2) 9736(1) 11964(1) 13276(1) 13867(1) 15213(1) 15946(2) 16236(1) 19425(1)
34557;4;8;12;733(2) 1855(1) 1856(1) 1857(2) 4736(2) 5326(2) 6235(2) 8017(1) 10815(2) 10932(2) 10935(1) 19751(2)
45600;3;9;12;3002(2) 4357(2) 5254(2) 7425(2) 7805(2) 7920(2) 12696(2) 13042(1) 13279(1) 15030(1) 18780(2) 20711(2)
61673;1;11;12;2190(2) 4908(2) 5001(2) 8052(2) 9610(2) 11254(2) 13517(2) 16268(2) 17873(2) 19788(1) 20051(2) 20187(2)
51246;9;3;12;2205(1) 2253(2) 6433(1) 6917(1) 7701(1) 8531(1) 9420(1) 12939(2) 13181(1) 13421(2) 13496(1) 21179(1)
37843;6;6;12;1664(2) 16849(1) 16879(1) 16939(2) 17200(2) 17682(2) 17685(1) 18155(2) 19437(2) 19770(1) 20113(1) 20629(1)
69357;8;4;12;3538(2) 4262(1) 5129(2) 5638(2) 5886(1) 11809(1) 11929(1) 12631(1) 13690(1) 15107(1) 16243(1) 19900(2)
24913;10;2;12;84(1) 703(2) 1187(1) 1233(1) 8992(1) 10288(1) 15656(1) 17678(1) 18311(1) 18379(1) 18983(2) 20615(1)
69457;4;8;12;2471(1) 2590(2) 7163(1) 8657(2) 9305(2) 9306(2) 10311(2) 13330(2) 16456(1) 17990(2) 19115(1) 20241(2)
60383;9;3;12;2414(1) 17086(1) 17572(1) 17581(1) 17890(1) 17937(2) 18530(1) 18959(1) 19320(1) 19829(1) 20192(2) 20371(2)
69201;5;7;12;5535(2) 6251(2) 7035(2) 10188(2) 10753(1) 10978(1) 11558(2) 13319(1) 13452(1) 15744(1) 15778(2) 18695(2)
72333;9;3;12;1319(2) 3896(1) 6584(2) 6742(2) 6884(1) 9116(1) 9117(1) 13173(1) 14041(1) 14655(1) 15141(1) 16452(1)
62498;7;5;12;2754(1) 3918(2) 4537(1) 4596(2) 6022(1) 11294(1) 16257(2) 17600(1) 18007(1) 18814(2) 19392(1) 20977(2)
99162;2;10;12;2385(2) 4344(2) 4499(1) 10551(1) 11540(2) 12001(2) 14224(2) 15101(2) 15699(2) 19205(2) 19915(2) 21051(2)
47415;6;6;12;61(2) 6795(1) 7416(2) 8336(2) 10095(1) 10099(1) 10117(1) 10449(2) 14051(1) 16326(2) 16776(2) 19409(1)
72158;5;7;12;235(1) 574(2) 3491(2) 4618(1) 4983(1) 6821(2) 7972(2) 13529(1) 14746(2) 17029(2) 18491(1) 19214(2)
100118;7;5;12;5855(2) 7353(2) 7624(1) 8551(1) 10596(1) 11892(2) 12198(2) 13290(1) 14424(2) 16391(1) 17088(1) 19628(1)
82230;9;3;12;233(2) 1868(1) 3041(1) 4385(2) 4591(2) 7240(1) 7673(1) 8529(1) 13086(1) 15084(1) 18788(1) 20598(1)
97336;8;4;12;4599(2) 7835(1) 10551(1) 10561(1) 11285(1) 11556(2) 13033(1) 15084(1) 17639(2) 18612(1) 19115(1) 20597(2)
106676;9;3;12;449(2) 801(1) 4031(1) 4114(2) 4290(1) 8877(1) 9450(1) 10669(2) 12562(1) 16562(1) 16820(1) 20763(1)
107065;7;5;12;556(2) 4381(2) 5589(1) 9071(1) 9509(2) 10561(1) 10603(2) 10895(2) 13202(1) 15519(1) 17680(1) 18756(1)
111509;8;4;12;1233(1) 3627(1) 4137(2) 4291(1) 6963(1) 9028(2) 9727(2) 11283(1) 13751(2) 15474(1) 16615(1) 17891(1)
43756;7;5;12;4618(1) 5250(1) 5380(2) 6673(1) 7849(2) 13149(2) 13550(1) 16082(2) 16455(1) 18875(2) 19115(1) 20684(1)
46791;9;3;12;1366(2) 1373(1) 1448(1) 5215(1) 8403(1) 9056(2) 9273(1) 10551(1) 13033(1) 17226(2) 17688(1) 20458(1)
19033;5;7;12;2552(2) 2701(1) 2802(2) 5164(1) 6379(2) 8512(1) 11522(2) 14711(1) 15329(2) 15682(1) 15781(2) 20600(2)
65561;7;5;12;4202(1) 7420(2) 10408(2) 14539(1) 15853(2) 16092(1) 16352(1) 16750(1) 16774(2) 17511(1) 18769(1) 19262(2)
39449;2;10;12;4636(2) 8784(2) 9619(2) 16816(2) 17206(2) 17210(2) 17305(2) 17418(1) 17725(2) 18300(1) 18553(2) 18670(2)
67643;6;6;12;817(2) 1033(1) 3800(2) 7229(2) 8822(2) 12185(1) 12702(1) 14327(1) 14402(1) 15006(2) 16206(2) 17014(1)
141034;8;4;12;2800(1) 5489(2) 6913(1) 7683(1) 11024(2) 11102(2) 13392(2) 13743(1) 15427(1) 17741(1) 18263(1) 19569(1)
97529;9;3;12;142(2) 5689(1) 10042(1) 12186(1) 12780(1) 13143(1) 15748(2) 15957(1) 16538(1) 16584(2) 19955(1) 20042(1)
40508;9;3;12;2645(1) 8134(1) 11101(1) 11645(1) 12153(2) 12575(2) 13177(1) 14836(1) 15400(2) 16005(1) 20748(1) 20773(1)
52700;10;2;12;1838(1) 2963(1) 3244(2) 4404(1) 5507(1) 7759(1) 8017(1) 11575(1) 12151(1) 13303(1) 17072(2) 20047(1)
78891;6;6;12;3744(2) 4942(1) 5557(1) 9482(1) 9662(2) 9762(1) 9763(2) 10499(2) 10800(1) 13359(2) 15948(1) 16731(2)
148249;7;5;12;474(1) 895(1) 3041(1) 3522(2) 5534(2) 10532(2) 11431(1) 12970(2) 16115(2) 19122(1) 20557(1) 20595(1)
130072;9;3;12;1196(1) 3430(1) 4399(2) 5120(2) 5681(1) 6152(1) 7680(2) 10973(1) 11242(1) 11629(1) 18159(1) 20990(1)
61856;9;3;12;2667(2) 8531(1) 13181(1) 13791(1) 13804(2) 15943(1) 18179(1) 18318(1) 18907(2) 19960(1) 19965(1) 20806(1)
63509;10;2;12;160(1) 840(1) 1487(1) 8919(2) 12076(1) 16238(1) 18011(1) 19115(1) 19451(2) 19454(1) 20321(1) 20704(1)
78491;9;3;12;550(1) 3021(2) 5984(2) 6022(1) 7563(1) 8872(2) 10250(1) 12491(1) 13160(1) 15746(1) 15747(1) 15832(1)
80210;9;3;12;1702(1) 3041(1) 5784(2) 5895(1) 6959(2) 7099(1) 7673(1) 7677(1) 9419(1) 11198(2) 13127(1) 17669(1)
107783;8;4;12;3054(2) 3173(1) 4340(1) 5256(1) 6305(1) 11972(1) 12270(1) 12280(1) 13136(2) 13230(2) 14093(1) 17793(2)
142504;7;5;12;513(2) 2516(2) 4836(2) 5102(1) 5815(1) 9843(1) 10997(2) 15664(1) 16657(1) 20748(1) 20751(1) 21103(2)
23507;10;2;12;7521(1) 7745(1) 8426(1) 14728(1) 14868(2) 15770(2) 15870(1) 16445(1) 19158(1) 19830(1) 20965(1) 21120(1)
62870;9;3;12;10809(2) 11638(1) 11639(1) 12821(1) 13690(2) 14573(2) 14587(1) 14745(1) 15468(1) 15521(1) 15522(1) 19630(1)
45801;10;2;12;588(1) 1658(1) 2548(2) 4029(1) 5323(1) 6635(1) 7351(1) 13369(1) 14061(1) 17854(2) 18135(1) 18145(1)
104129;9;3;12;1149(1) 3891(2) 5002(2) 7668(1) 7686(1) 8663(2) 11959(1) 12159(1) 12821(1) 13340(1) 16358(1) 17329(1)
137717;9;3;12;5689(1) 5717(2) 6515(2) 10297(2) 10903(1) 13292(1) 13480(1) 13625(1) 16434(1) 16538(1) 21089(1) 21090(1)
192973;8;4;12;3554(1) 5767(2) 6338(2) 7896(1) 9165(1) 10174(2) 10575(1) 10631(1) 11365(1) 11810(1) 17795(2) 19157(1)
60739;10;2;12;16902(1) 17249(1) 17291(1) 17501(1) 17695(1) 17879(1) 17971(1) 18056(2) 18303(1) 18313(1) 19018(2) 19189(1)
78692;10;2;12;3696(1) 4593(1) 6160(2) 6291(1) 7282(1) 9983(1) 12259(1) 12430(1) 12687(1) 12846(1) 15222(2) 16881(1)
79206;9;3;12;1825(1) 2831(1) 4639(2) 7240(1) 10834(1) 13086(1) 13474(2) 14409(1) 15084(1) 15654(1) 18788(1) 20967(2)
81712;8;4;12;246(1) 1277(1) 2873(1) 2938(2) 3282(1) 4309(1) 4938(1) 6677(1) 8609(1) 13154(2) 13919(2) 15336(2)
83986;9;3;12;2773(2) 2788(1) 2992(1) 3254(2) 3358(1) 3659(1) 6755(1) 11451(1) 17123(1) 17337(2) 17741(1) 20203(1)
106171;9;3;12;5063(1) 6424(1) 8042(2) 8552(2) 9223(1) 11096(1) 12397(1) 16186(2) 17110(1) 17299(1) 19682(1) 20485(1)
115370;8;4;12;4(1) 2663(1) 2715(1) 3070(1) 8325(2) 8579(2) 10504(1) 11577(1) 11579(2) 11595(2) 17165(1) 20218(1)
152927;9;3;12;390(1) 394(2) 4792(1) 5741(1) 7041(1) 9906(2) 9908(1) 9909(1) 12141(1) 12274(1) 15085(1) 21167(2)
182674;7;5;12;2390(2) 4338(2) 9994(2) 13094(1) 14268(1) 14646(1) 15321(1) 15890(1) 15957(1) 19031(1) 19582(2) 20335(2)
94969;9;3;12;12141(1) 12780(1) 13385(1) 13805(1) 13851(1) 13899(2) 14965(2) 15183(1) 15736(1) 15957(1) 19858(2) 20218(1)
96832;9;3;12;5250(1) 8426(1) 10301(1) 11726(1) 12661(2) 15721(2) 15870(1) 16241(1) 16247(2) 19258(1) 20055(1) 20383(1)
97134;10;2;12;2303(1) 6855(2) 6857(1) 11545(2) 11702(1) 12005(1) 13635(1) 14623(1) 15948(1) 16366(1) 20846(1) 20891(1)
103874;10;2;12;2248(1) 2415(1) 3988(2) 6022(1) 8900(1) 12652(1) 13439(1) 17891(1) 19117(1) 19615(2) 19638(1) 20300(1)
106906;10;2;12;944(1) 4583(1) 8363(1) 9428(1) 11094(1) 11843(1) 12141(1) 12274(1) 12909(1) 13064(2) 15892(2) 16750(1)
107562;10;2;12;540(1) 877(2) 6249(1) 7532(1) 11117(1) 11457(2) 12863(1) 13615(1) 13622(1) 13627(1) 15579(1) 18251(1)
127383;9;3;12;160(1) 840(1) 1331(2) 2293(2) 2523(1) 8383(1) 11424(1) 11435(1) 13529(1) 16337(1) 17302(1) 18039(2)
65978;8;4;12;2980(2) 7081(1) 8426(1) 11629(1) 11790(2) 12693(2) 13872(1) 14681(1) 15744(2) 15870(1) 17037(1) 17824(1)
14181;10;1;11;4068(1) 5693(1) 6484(1) 13276(1) 13867(1) 15213(1) 15956(1) 16236(1) 16633(2) 19425(1) 19594(1)
14200;4;7;11;7565(1) 10226(1) 10698(2) 11310(2) 12879(2) 12973(2) 14486(1) 15398(1) 15486(2) 16614(2) 18452(2)
15900;0;11;11;4850(2) 5426(2) 6543(2) 9479(2) 10140(2) 10794(2) 11585(2) 13282(2) 15484(2) 17882(2) 20583(2)
17443;10;1;11;4305(1) 6064(1) 6769(2) 6964(1) 7366(1) 9256(1) 9634(1) 11207(1) 11958(1) 19737(1) 19742(1)
17895;0;11;11;1445(2) 1981(2) 5652(2) 6560(2) 8695(2) 9385(2) 14316(2) 14472(2) 14682(2) 14922(2) 17131(2)
18153;10;1;11;238(1) 2026(1) 3971(1) 4001(1) 9110(1) 10541(1) 11344(1) 11934(1) 17723(2) 17922(1) 18450(1)
19434;10;1;11;143(1) 6223(1) 6563(1) 6567(1) 7593(1) 8706(1) 9069(1) 9449(1) 13010(1) 13012(2) 17628(1)
19763;10;1;11;743(1) 744(1) 3037(1) 6009(1) 6175(1) 9383(1) 9837(1) 9868(1) 11355(1) 17991(2) 20165(1)
22505;10;1;11;1(1) 3(1) 19(1) 21(1) 32(1) 35(1) 43(1) 51(1) 10015(2) 11682(1) 11863(1)
26371;7;4;11;3086(1) 3303(1) 8085(2) 9494(1) 9674(1) 11445(2) 11825(2) 16310(1) 16758(1) 19935(2) 21184(1)
27976;6;5;11;738(2) 1189(2) 4036(1) 5128(1) 10052(1) 10138(1) 13322(2) 13402(1) 16283(1) 16298(2) 20345(2)
23456;9;2;11;6040(2) 8426(1) 11014(1) 13415(1) 13814(1) 15554(1) 15557(2) 15870(1) 21176(1) 21186(1) 21192(1)
27045;6;5;11;815(2) 1659(2) 10483(2) 11463(1) 12525(2) 13254(1) 15957(1) 16310(1) 16358(1) 16511(1) 19088(2)
31350;9;2;11;1242(1) 4134(1) 4895(1) 4898(1) 8266(2) 9318(1) 11591(1) 12183(1) 12292(1) 14664(1) 18515(2)
41559;6;5;11;8324(2) 8447(2) 10161(1) 10883(2) 12206(1) 12857(1) 13135(1) 13189(2) 13545(2) 18239(1) 18332(1)
69044;5;6;11;5672(2) 6378(2) 8145(2) 8262(2) 8273(1) 9512(2) 11066(1) 11366(2) 12894(1) 16765(1) 18708(1)
40516;6;5;11;791(1) 3227(2) 12443(2) 13278(2) 14498(1) 14936(1) 14998(2) 15349(2) 15476(1) 16407(1) 17311(1)
46103;9;2;11;1122(1) 2498(2) 5572(1) 6718(1) 8958(1) 10250(1) 13439(1) 14129(1) 17195(2) 19638(1) 21208(1)
69391;3;8;11;1473(1) 4165(2) 8937(2) 10058(2) 11599(2) 12286(2) 12362(2) 13803(2) 15618(1) 15619(1) 15932(2)
94108;5;6;11;1956(2) 7128(1) 10821(2) 14346(2) 14905(2) 15932(1) 19854(2) 19867(1) 19868(1) 19869(1) 21212(2)
23262;9;2;11;11014(2) 11606(1) 11853(2) 12815(1) 12820(1) 13415(1) 13814(1) 14489(1) 21176(1) 21186(1) 21192(1)
63433;7;4;11;5085(1) 5289(2) 5689(1) 11463(1) 11913(1) 14115(2) 16101(2) 16358(1) 16747(1) 18391(2) 19583(1)
44488;9;2;11;172(2) 3896(1) 6884(1) 9779(1) 11128(1) 11230(1) 11548(1) 12440(2) 13333(1) 14655(1) 20847(1)
46764;2;9;11;550(1) 1151(2) 4767(2) 5940(2) 8768(2) 9011(2) 9275(2) 11590(2) 12374(2) 20566(2) 20576(1)
47619;9;2;11;192(1) 2248(1) 2415(1) 6978(1) 9717(2) 10250(1) 11004(1) 13439(1) 17907(1) 19301(2) 19329(1)
74103;5;6;11;2430(2) 3890(2) 4404(1) 6191(2) 7998(1) 8619(2) 11091(2) 11890(2) 11964(1) 17137(1) 18596(1)
88552;8;3;11;398(2) 629(1) 1020(2) 1146(1) 4537(1) 5790(1) 7593(1) 8916(1) 9300(1) 10581(1) 12773(2)
76330;5;6;11;6110(1) 6466(2) 6794(2) 8731(1) 8856(2) 10452(1) 11523(1) 14143(2) 14391(2) 15613(2) 17668(1)
109323;3;8;11;2840(2) 5536(2) 5569(1) 5654(2) 5882(2) 7800(2) 8654(1) 9402(2) 10047(2) 17419(2) 18944(1)
65145;7;4;11;49(1) 1554(1) 6236(2) 6673(1) 16375(1) 17582(2) 18007(1) 18920(2) 19242(1) 19413(1) 20870(2)
72393;9;2;11;175(2) 468(1) 5419(1) 5772(1) 7760(1) 9792(1) 11133(1) 12603(1) 15030(1) 19720(1) 20054(2)
107237;5;6;11;1062(2) 2207(2) 4426(1) 6263(1) 6664(1) 12779(2) 13127(1) 13175(2) 13434(2) 14622(1) 15726(2)
66315;3;8;11;3045(2) 3236(1) 4628(1) 10704(2) 10758(2) 11226(2) 11229(2) 16446(2) 19275(2) 20576(1) 20593(2)
92387;5;6;11;216(2) 550(1) 2179(2) 5234(2) 5584(1) 5917(2) 6887(1) 7563(1) 10474(1) 15005(2) 19026(2)
139680;4;7;11;4797(2) 5173(2) 8263(1) 12141(1) 14956(2) 14972(1) 15674(2) 15903(1) 15988(2) 16756(2) 18271(2)
48688;9;2;11;4030(1) 4990(1) 4991(2) 4994(1) 5294(1) 5441(1) 12610(1) 13236(2) 19775(1) 19781(1) 19783(1)
50835;7;4;11;232(1) 794(1) 4618(1) 9362(1) 9383(1) 12788(2) 13088(2) 14179(2) 16449(1) 16450(2) 19536(1)
65360;4;7;11;982(2) 4878(1) 5307(2) 8061(1) 10948(2) 11016(2) 11097(2) 12002(1) 15376(2) 15761(1) 19613(2)
72741;7;4;11;2596(1) 5361(2) 5485(2) 5492(1) 8936(2) 14522(1) 15010(2) 15496(1) 15825(1) 17804(1) 20081(1)
101594;4;7;11;3206(2) 9004(2) 9938(2) 11658(2) 11698(2) 13760(2) 16760(1) 16779(1) 16780(2) 18517(1) 19583(1)
168067;5;6;11;278(1) 849(1) 2323(2) 3383(2) 3400(2) 3558(1) 5040(2) 5722(1) 12579(2) 13370(1) 13424(2)
93429;9;2;11;16854(1) 16879(1) 16882(1) 16958(1) 16995(1) 17266(2) 17800(2) 18171(1) 18297(1) 19437(1) 20113(1)
93590;5;6;11;16866(2) 16966(2) 17009(2) 17062(1) 17069(1) 17099(1) 17275(1) 19179(2) 19193(1) 19499(2) 19778(2)
95157;9;2;11;475(1) 8426(1) 11230(1) 12463(2) 14827(1) 15312(2) 15870(1) 16670(1) 17578(1) 20382(1) 20847(1)
107176;9;2;11;2696(1) 2823(1) 4002(1) 7268(1) 11133(1) 12046(2) 12473(1) 15633(1) 17355(2) 19628(1) 20538(1)
113115;7;4;11;2174(1) 2968(1) 7268(1) 8876(2) 11817(2) 11862(2) 12293(1) 12499(1) 14073(1) 14410(2) 17331(1)
82878;6;5;11;3554(1) 4106(2) 6260(2) 6991(1) 7673(1) 9854(2) 10551(1) 10561(1) 14783(2) 15084(1) 20337(2)
95957;4;7;11;9935(2) 10410(2) 10727(2) 10965(1) 12452(2) 13003(2) 13964(2) 15315(1) 16644(2) 17466(1) 20898(1)
73077;6;5;11;2415(1) 3032(2) 4537(1) 6578(2) 7627(2) 8693(1) 8869(2) 11294(1) 13033(1) 17949(2) 19392(1)
115257;3;8;11;753(2) 2237(1) 3862(2) 4318(2) 13718(1) 13784(1) 13893(2) 14279(2) 14739(2) 14890(2) 15660(2)
152238;6;5;11;4676(1) 4821(1) 7350(2) 8209(2) 9166(2) 10551(1) 13529(1) 16492(2) 17891(1) 18997(2) 19882(1)
97278;8;3;11;1734(2) 10242(1) 12141(1) 13318(2) 13895(2) 14064(1) 14066(1) 14227(1) 15211(1) 17199(1) 18613(1)
148892;8;3;11;2854(2) 5815(1) 8198(1) 9666(1) 10630(1) 12833(2) 13009(2) 13118(1) 15532(1) 16018(1) 20751(1)
65263;9;2;11;2088(2) 5807(1) 6406(1) 8426(1) 9944(1) 13450(1) 14135(1) 15870(1) 17984(2) 18560(1) 18743(1)
69806;9;2;11;794(1) 2301(2) 7333(1) 11186(1) 11437(1) 12719(1) 13370(1) 15416(2) 15948(1) 20846(1) 20847(1)
75169;3;8;11;4147(2) 6241(2) 7759(1) 8519(2) 9045(2) 9145(2) 9506(1) 10377(2) 11178(1) 14260(2) 14918(2)
94724;5;6;11;1103(1) 1896(2) 2136(2) 2811(1) 12176(2) 12782(2) 17030(2) 17778(1) 19122(1) 20662(1) 20675(2)
194943;6;5;11;1404(1) 7116(2) 7663(2) 9349(1) 10925(2) 13681(2) 15846(1) 15948(1) 16194(2) 17538(1) 19886(1)
139741;8;3;11;6265(1) 7759(1) 8118(1) 13249(2) 13337(1) 13338(2) 13925(1) 14904(1) 14948(1) 16656(2) 19570(1)
66296;9;2;11;3066(1) 6561(2) 8383(1) 11998(1) 13529(1) 13989(1) 14479(1) 14902(1) 16193(1) 16295(1) 20705(2)
72129;9;2;11;1646(1) 4485(2) 5556(1) 8834(1) 10865(1) 12497(1) 13095(1) 14227(1) 16055(1) 17199(1) 18789(2)
77733;9;2;11;794(1) 2415(1) 4618(1) 6022(1) 9078(2) 11093(2) 11514(1) 12907(1) 15922(1) 19178(1) 21256(1)
80682;8;3;11;1146(1) 4537(1) 6293(2) 7435(1) 7593(1) 8916(1) 9049(2) 9300(1) 10581(1) 20557(1) 20563(2)
90062;8;3;11;1419(1) 1591(2) 3355(1) 3608(2) 5220(1) 5273(2) 9094(1) 9538(1) 10100(1) 10398(1) 20395(1)
97733;8;3;11;7203(1) 9291(1) 9932(1) 9992(1) 12710(1) 13266(2) 13314(1) 16300(2) 16612(1) 16621(1) 17822(2)
103270;5;6;11;468(1) 2287(2) 3882(2) 6199(2) 7013(1) 9992(1) 16015(1) 16562(1) 16683(2) 20762(2) 20763(2)
137866;8;3;11;3714(1) 4373(2) 7671(1) 10285(2) 11725(1) 16445(1) 18477(2) 18902(1) 19404(1) 19842(1) 19997(1)
191129;8;3;11;5679(2) 6892(1) 7820(2) 10344(1) 10630(1) 11094(1) 11197(1) 11399(2) 14043(1) 16750(1) 18078(1)
193400;7;4;11;4700(1) 6415(2) 6948(2) 8411(1) 9181(1) 9394(2) 10761(1) 13997(1) 17778(1) 19540(1) 20506(2)
202861;8;3;11;2380(1) 2873(1) 3679(2) 4418(1) 8029(1) 8805(1) 8847(2) 11009(2) 12095(1) 14854(1) 15579(1)
96472;7;4;11;5421(1) 9947(2) 10946(1) 11868(2) 13437(1) 14900(1) 15209(2) 17473(1) 18343(2) 21151(1) 21174(1)
97531;7;4;11;14(2) 224(2) 2797(1) 9007(2) 12272(1) 12398(1) 13103(1) 17842(2) 18007(1) 18871(1) 20104(1)
100080;8;3;11;509(1) 3169(1) 5463(1) 5910(1) 14197(1) 14439(2) 15899(2) 15957(1) 16310(1) 16801(2) 21069(1)
118385;8;3;11;588(1) 3986(2) 5182(1) 6802(1) 8894(1) 9228(1) 9496(1) 13586(2) 15590(2) 17898(1) 18135(1)
118758;9;2;11;1184(2) 1196(1) 4181(2) 4572(1) 5681(1) 6988(1) 13029(1) 16627(1) 19158(1) 19333(1) 20205(1)
123583;9;2;11;270(2) 2377(1) 2393(1) 3044(1) 4618(1) 6185(1) 8030(1) 10528(1) 15948(1) 17992(2) 20847(1)
129564;9;2;11;1860(1) 2292(2) 4404(1) 5730(1) 6342(1) 7157(1) 8230(2) 10071(1) 10413(1) 10958(1) 11964(1)
141809;5;6;11;3960(2) 7921(2) 8505(1) 10394(2) 13065(2) 13577(1) 15666(2) 16321(1) 16750(1) 17201(1) 20002(2)
161729;8;3;11;2305(1) 2645(1) 5701(2) 8050(2) 8051(2) 8083(1) 9365(1) 9884(1) 11081(1) 16690(1) 20805(1)
213432;7;4;11;615(2) 819(1) 2940(1) 4169(2) 6200(1) 8411(1) 11787(1) 15863(2) 16526(1) 16627(1) 18136(2)
22653;4;6;10;17501(1) 17611(2) 17706(2) 17861(2) 17877(1) 17890(2) 18313(1) 18549(1) 19429(2) 20195(2)
27449;6;4;10;1116(1) 6351(1) 6366(2) 6389(2) 6390(1) 12141(1) 14066(1) 19246(1) 19587(2) 21106(2)
32445;9;1;10;285(1) 4716(1) 5142(1) 5505(1) 5895(1) 6739(1) 12501(1) 12589(1) 16176(1) 18846(2)
33141;0;10;10;3571(2) 3690(2) 3823(2) 3901(2) 3902(2) 4632(2) 9013(2) 16836(2) 16853(2) 18659(2)
43903;6;4;10;3996(1) 4383(1) 6295(1) 8108(1) 9560(2) 10618(2) 14894(1) 19123(2) 19124(2) 19125(1)
38744;5;5;10;1673(2) 16887(1) 17043(1) 17067(1) 17082(2) 17095(1) 17231(1) 17351(2) 17557(2) 17893(2)
43270;8;2;10;800(1) 3734(1) 7297(2) 10135(1) 11978(1) 15027(1) 15192(2) 18182(1) 19309(1) 20741(1)
53715;2;8;10;2882(2) 3097(1) 7056(2) 7373(2) 7374(2) 7470(2) 11673(2) 12453(2) 15058(1) 15185(2)
69714;5;5;10;564(1) 2908(1) 6877(1) 9878(2) 10057(2) 12743(1) 13243(2) 13752(2) 16786(2) 19134(1)
75408;8;2;10;1103(2) 2811(1) 3714(1) 8411(1) 8426(1) 8705(1) 12882(1) 15870(1) 19540(1) 20320(2)
75696;8;2;10;573(1) 1996(2) 6596(1) 9041(2) 9196(1) 9311(1) 9553(1) 17228(1) 17675(1) 17690(1)
80178;5;5;10;698(1) 725(2) 5281(2) 6931(2) 9148(2) 11421(1) 11526(1) 12315(1) 13244(2) 17331(1)
81738;6;4;10;1832(1) 3036(1) 6603(1) 7570(1) 8449(2) 9516(1) 12648(1) 13744(2) 14825(2) 21073(2)
79305;4;6;10;3937(2) 4821(2) 6521(1) 7297(1) 7345(2) 13125(2) 13940(2) 14687(1) 15603(1) 19625(2)
76839;7;3;10;363(2) 987(1) 2156(2) 2771(1) 3434(1) 8941(1) 11601(1) 14818(2) 16963(1) 19015(1)
112829;8;2;10;863(1) 1687(1) 3108(1) 6713(1) 11657(1) 12216(1) 12847(1) 14574(2) 16015(1) 18671(2)
109841;4;6;10;154(2) 5057(2) 7537(1) 9160(2) 9508(1) 12871(1) 12926(2) 14293(2) 14843(2) 15789(1)
100305;7;3;10;5182(1) 6631(1) 8026(1) 8216(1) 14514(1) 16070(1) 17247(2) 18298(2) 18652(1) 18989(2)
111842;4;6;10;887(1) 1448(1) 2927(2) 4403(2) 4835(1) 11121(2) 14544(2) 15023(1) 17032(2) 17649(2)
61248;5;5;10;9033(2) 9477(1) 18196(1) 18308(2) 18502(2) 18598(2) 18652(1) 18954(1) 18984(1) 19001(2)
140860;8;2;10;3925(1) 7704(1) 9683(1) 11727(1) 12004(1) 13180(1) 15122(2) 15948(1) 16214(2) 16407(1)
149141;8;2;10;944(1) 3980(1) 6934(2) 8303(1) 12021(1) 13704(2) 14064(1) 14339(1) 15018(1) 20032(1)
165583;8;2;10;1014(1) 2403(1) 2885(2) 2992(1) 4719(1) 11150(2) 14188(1) 16321(1) 19011(1) 19544(1)
80161;8;2;10;2702(2) 5826(1) 6896(1) 8681(1) 9135(1) 9136(1) 9161(1) 11005(1) 21036(1) 21097(2)
145293;7;3;10;2182(1) 3069(2) 3575(2) 5118(1) 5765(2) 10039(1) 11770(1) 12513(1) 16355(1) 18469(1)
147979;7;3;10;635(1) 11406(2) 11691(2) 12232(1) 12236(1) 15286(1) 15942(1) 15948(1) 16086(2) 20386(1)
152507;7;3;10;337(1) 2609(2) 2922(2) 6645(1) 8900(1) 13825(1) 18868(2) 20064(1) 20389(1) 20430(1)
205261;7;3;10;2483(1) 2588(1) 3289(2) 3651(1) 3831(2) 6316(2) 9392(1) 12513(1) 15601(1) 18566(1)
104020;5;5;10;425(2) 1081(1) 3617(2) 6153(1) 9594(2) 15363(1) 15402(1) 15409(2) 17583(1) 18866(2)
109822;8;2;10;2813(2) 3131(1) 3774(1) 5202(1) 8788(1) 11964(1) 12987(2) 15847(1) 16317(1) 16633(1)
127385;8;2;10;143(1) 657(1) 2017(2) 5933(1) 6567(1) 9818(1) 10581(1) 11248(2) 12572(1) 14894(1)
130825;8;2;10;1441(2) 1449(1) 1576(1) 3144(2) 3553(1) 8102(1) 10801(1) 11080(1) 15302(1) 17847(1)
132493;8;2;10;3(1) 1193(1) 2471(1) 3506(2) 3641(2) 4537(1) 8991(1) 12126(1) 19242(1) 20351(1)
152222;7;3;10;3650(2) 3922(1) 5790(1) 6295(1) 7292(2) 10250(1) 10433(2) 13365(1) 15307(1) 20275(1)
38141;8;1;9;8011(1) 17193(1) 17590(1) 17850(1) 17951(1) 18196(2) 18687(1) 21221(1) 21227(1)
40192;7;2;9;801(1) 9450(1) 11346(2) 11407(2) 15812(1) 16820(1) 17055(1) 19581(1) 21085(1)
45310;8;1;9;232(1) 332(1) 7905(1) 9870(2) 11355(1) 11609(1) 17932(1) 19235(1) 21008(1)
45802;8;1;9;407(1) 1380(1) 3497(1) 7835(1) 11285(1) 16971(1) 18612(1) 18614(2) 19190(1)
45965;4;5;9;2369(2) 5014(1) 5951(1) 7285(2) 8426(1) 11936(2) 15870(1) 19527(2) 20874(2)
46196;8;1;9;2536(1) 4842(1) 9448(2) 9671(1) 10105(1) 11793(1) 13958(1) 15702(1) 18474(1)
46450;8;1;9;476(1) 5899(1) 8671(1) 9542(1) 10070(1) 12468(1) 12503(1) 16380(1) 19647(2)
47843;8;1;9;1414(1) 2524(1) 3938(1) 7897(1) 9560(1) 12572(1) 15938(2) 17312(1) 20304(1)
53132;8;1;9;1318(1) 2199(1) 4389(1) 4390(1) 8251(1) 8269(1) 11355(1) 15130(2) 21002(1)
56782;8;1;9;1456(1) 1534(1) 1540(1) 5677(1) 5711(1) 10684(2) 11404(1) 13050(1) 13232(1)
62453;5;4;9;11604(2) 11886(1) 12043(1) 12102(1) 14655(1) 14853(2) 16258(2) 19867(1) 19868(2)
87730;4;5;9;1037(1) 1792(2) 3092(1) 3732(2) 5608(2) 9321(2) 9323(1) 16188(1) 16769(2)
64115;3;6;9;1702(1) 10328(2) 11603(2) 11975(1) 15238(2) 16144(2) 16344(2) 17389(2) 19392(1)
69935;7;2;9;3040(1) 6598(1) 9022(2) 9805(1) 10522(1) 12581(1) 13381(2) 15972(1) 19834(1)
82840;5;4;9;396(1) 448(2) 1084(1) 1744(1) 5392(2) 7419(2) 13735(1) 17404(1) 20522(2)
93985;4;5;9;7560(1) 17042(2) 17117(2) 17186(1) 17243(2) 17283(1) 17803(1) 17810(2) 17837(2)
95909;5;4;9;5975(2) 8415(2) 9520(1) 12633(1) 15125(2) 16012(1) 19091(2) 20219(1) 20768(1)
105078;7;2;9;2877(1) 5486(2) 5498(1) 10720(1) 12023(2) 13541(1) 13573(1) 15496(1) 20088(1)
61247;2;7;9;6793(2) 9768(2) 10721(2) 16869(2) 18082(2) 18324(2) 19456(1) 20186(1) 20578(2)
61637;7;2;9;8426(1) 11301(1) 12361(2) 12944(1) 15870(1) 16607(1) 18301(1) 20004(2) 20847(1)
63199;6;3;9;8002(1) 8661(2) 9410(1) 10972(1) 10982(1) 16473(2) 17683(1) 17918(1) 21072(2)
91186;7;2;9;863(2) 1146(1) 2279(1) 3108(1) 4537(1) 6713(1) 12216(1) 16015(1) 17745(2)
96476;6;3;9;8387(1) 11467(1) 11851(1) 11930(2) 13786(2) 14954(1) 15935(1) 17614(2) 20109(1)
93605;4;5;9;17035(1) 17564(2) 17655(2) 17665(1) 17811(2) 17906(2) 19240(1) 20500(1) 20992(2)
101854;7;2;9;4955(1) 10774(1) 10853(2) 11252(1) 11896(1) 14505(1) 15059(2) 16299(1) 21094(1)
106553;7;2;9;2286(2) 4537(1) 8234(2) 8941(1) 9067(1) 10320(1) 16590(1) 19015(1) 19392(1)
139300;4;5;9;2645(1) 6094(2) 6095(2) 9711(1) 10912(1) 15218(2) 16700(2) 20708(1) 21248(2)
145243;7;2;9;2731(2) 5729(1) 6843(1) 7871(1) 9304(1) 11883(1) 15982(1) 16273(2) 20847(1)
150878;6;3;9;3953(2) 4225(2) 5798(1) 7457(1) 8595(2) 8704(1) 10185(1) 17610(1) 19122(1)
157201;7;2;9;942(1) 944(1) 10100(1) 10731(1) 12189(1) 13385(1) 14324(2) 14528(1) 19750(2)
94712;7;2;9;11311(1) 14063(2) 14299(2) 14418(1) 15321(1) 15957(1) 16017(1) 16750(1) 17511(1)
149771;4;5;9;639(2) 5150(1) 5564(1) 6397(2) 10493(1) 14337(1) 14586(2) 19370(2) 19371(2)
136459;6;3;9;2803(2) 5579(2) 6294(1) 15402(1) 17576(2) 17829(1) 18240(1) 18540(1) 18541(1)
138264;7;2;9;794(1) 1829(2) 9779(1) 10786(2) 12287(1) 15832(1) 15922(1) 19115(1) 20512(1)
140225;7;2;9;1457(1) 6828(1) 7683(1) 14143(1) 14430(2) 15311(2) 19569(1) 20262(1) 20673(1)
147570;7;2;9;3319(1) 5055(2) 8731(1) 8948(1) 13983(1) 16129(2) 18841(1) 20847(1) 21120(1)
147969;6;3;9;3066(1) 4676(1) 7311(1) 14103(2) 16671(2) 18590(1) 18765(1) 20626(1) 20972(2)
148716;7;2;9;2696(1) 9395(2) 11037(1) 11133(1) 12713(2) 15745(1) 18830(1) 20095(1) 20584(1)
149406;6;3;9;5787(1) 7730(1) 8317(2) 10283(2) 12557(1) 13295(2) 13692(1) 13864(1) 18827(1)
154016;7;2;9;401(1) 3463(1) 5250(1) 9287(1) 15156(2) 15916(2) 19115(1) 20055(1) 20764(1)
155369;7;2;9;1193(1) 5632(1) 6072(1) 6512(1) 8134(1) 15873(1) 16010(1) 16679(2) 20710(2)
157073;7;2;9;756(1) 2516(1) 2793(2) 9971(1) 10095(1) 12855(1) 14050(2) 17514(1) 20748(1)
165075;6;3;9;1128(1) 1904(1) 2429(1) 7481(1) 9361(2) 12460(2) 15177(1) 15451(1) 16328(2)
170153;6;3;9;842(1) 2625(2) 2645(1) 5021(1) 5490(2) 10438(1) 11823(1) 13138(1) 20106(2)
182315;6;3;9;4639(1) 11261(2) 12854(2) 14007(1) 15419(1) 16160(1) 16750(1) 19519(1) 21110(2)
182948;4;5;9;55(2) 3712(2) 8486(2) 16726(2) 17900(2) 18440(1) 19105(1) 19658(1) 20514(1)
146722;5;4;9;6079(2) 6498(1) 7594(2) 11431(1) 12247(2) 17613(1) 18451(2) 19121(1) 19997(1)
94659;7;2;9;2238(1) 6097(2) 13325(1) 16164(1) 16387(1) 17894(1) 18895(1) 20982(1) 20983(2)
124201;7;2;9;2696(1) 3749(1) 5364(1) 5595(1) 8766(2) 13370(1) 17269(1) 17274(2) 20847(1)
159416;6;3;9;1744(1) 3044(1) 5315(2) 6323(1) 8817(1) 13444(1) 13445(2) 15885(1) 17320(2)
183086;7;2;9;5840(2) 14150(1) 15138(1) 15511(1) 15538(1) 15846(1) 16135(1) 20215(2) 20847(1)
183432;7;2;9;1715(1) 9539(2) 11145(1) 12487(1) 15419(1) 15787(1) 16394(1) 19583(1) 21061(2)
184004;7;2;9;7045(1) 11283(1) 14365(1) 14937(1) 15333(1) 15907(2) 17586(2) 17891(1) 19640(1)
184414;6;3;9;865(2) 7746(2) 8954(1) 9847(2) 17058(1) 19353(1) 19642(1) 20662(1) 20741(1)
184566;7;2;9;3567(1) 7187(1) 7521(1) 11341(2) 13759(1) 18860(1) 19824(1) 19834(1) 19835(2)
184730;5;4;9;8076(2) 11977(1) 12145(1) 12405(1) 15538(1) 17747(2) 18347(1) 19055(2) 20947(2)
184973;7;2;9;7061(2) 7276(1) 11976(2) 14347(1) 14348(1) 15948(1) 16885(1) 17106(1) 18111(1)
185413;7;2;9;2415(1) 4013(2) 7250(1) 9965(1) 13529(1) 15019(2) 15594(1) 17262(1) 18580(1)
185784;7;2;9;6022(1) 12792(1) 12806(2) 13033(1) 13693(1) 14053(1) 15247(2) 17346(1) 20213(1)
187432;7;2;9;211(1) 4674(1) 6936(1) 10189(2) 12810(1) 18949(1) 19122(1) 20625(2) 20662(1)
188849;7;2;9;8328(2) 9937(1) 10295(2) 11094(1) 14268(1) 14528(1) 15064(1) 15238(1) 16316(1)
189563;7;2;9;4813(1) 6384(2) 7009(1) 7457(1) 11055(2) 13771(1) 15852(1) 18159(1) 19078(1)
190626;7;2;9;629(1) 3494(2) 4934(1) 7122(1) 7677(1) 16516(2) 18902(1) 20288(1) 20618(1)
192040;5;4;9;4079(2) 7495(2) 7673(1) 9915(1) 12072(2) 15084(1) 17108(2) 19576(1) 21203(1)
192112;6;3;9;3125(1) 4447(2) 6309(2) 11185(1) 11867(1) 12882(1) 16627(1) 20517(2) 20662(1)
192269;7;2;9;5763(1) 9779(1) 10309(1) 11942(2) 12370(2) 14693(1) 14877(1) 15175(1) 16407(1)
192910;7;2;9;1172(1) 6773(1) 14192(1) 15269(1) 15864(2) 15910(1) 15948(1) 18116(2) 18145(1)
193970;7;2;9;5113(2) 6884(1) 8770(2) 9287(1) 9949(1) 13688(1) 16255(1) 19384(1) 20847(1)
196361;7;2;9;161(1) 2460(2) 3902(1) 5063(1) 6292(1) 15614(2) 17369(1) 19681(1) 20504(1)
197506;7;2;9;4537(1) 5364(1) 6728(2) 8426(1) 8493(1) 8725(1) 9774(2) 14911(1) 19112(1)
198581;6;3;9;1972(1) 5020(2) 8714(2) 9831(1) 11185(1) 17845(1) 18235(1) 20205(1) 20941(2)
199927;7;2;9;662(2) 5775(1) 8187(1) 10308(1) 11575(1) 11849(1) 12332(1) 12449(2) 18624(1)
201807;7;2;9;355(2) 1750(1) 2792(1) 4149(2) 8879(1) 9901(1) 15216(1) 19248(1) 20679(1)
202636;7;2;9;1633(1) 2645(1) 2744(2) 13480(1) 15026(1) 15372(1) 16059(2) 16380(1) 17139(1)
202878;7;2;9;807(1) 4606(2) 6201(1) 7715(1) 10152(2) 12144(1) 13111(1) 16394(1) 16929(1)
204046;7;2;9;550(1) 1702(1) 4537(1) 8677(1) 10977(2) 11287(1) 18231(1) 18534(1) 19306(2)
204108;7;2;9;683(1) 1929(1) 2160(1) 2765(2) 5420(1) 7716(1) 8935(2) 13374(1) 20846(1)
206870;7;2;9;1601(2) 1827(1) 4985(1) 5316(1) 6641(1) 8061(1) 12002(1) 15515(1) 16975(2)
208315;7;2;9;2415(1) 4418(1) 5557(1) 5681(1) 11053(2) 11876(1) 15033(2) 16624(1) 20013(1)
209788;7;2;9;1957(1) 5014(1) 5345(2) 6089(1) 7452(1) 10250(1) 11279(2) 11283(1) 20433(1)
210758;7;2;9;2103(2) 4425(1) 4785(1) 5548(1) 6863(2) 7288(1) 12102(1) 12154(1) 13626(1)
212995;7;2;9;806(1) 1728(2) 2792(1) 4005(1) 5014(1) 10643(1) 11822(1) 14150(1) 20316(2)
213573;7;2;9;958(1) 1185(2) 4537(1) 4568(1) 6022(1) 8722(1) 12577(2) 15084(1) 20579(1)
215820;6;3;9;1172(1) 1186(1) 3057(1) 3323(2) 6599(1) 6616(2) 8805(1) 13739(2) 18733(1)
216351;7;2;9;1149(1) 2400(2) 3198(1) 3264(2) 6559(1) 10777(1) 12159(1) 16036(1) 16310(1)
223101;7;2;9;4(1) 28(2) 314(1) 1764(1) 4008(2) 8325(1) 9800(1) 9843(1) 14084(1)
60623;5;3;8;16912(2) 17033(2) 17034(1) 17319(2) 17595(1) 18191(1) 19165(1) 20471(1)
60777;7;1;8;9477(2) 18041(1) 18264(1) 18439(1) 18572(1) 18957(1) 18971(1) 21227(1)
61781;7;1;8;4885(2) 12975(1) 13589(1) 14308(1) 17622(1) 19099(1) 19913(1) 20249(1)
62439;7;1;8;10358(2) 11844(1) 13418(1) 13623(1) 13823(1) 16369(1) 17567(1) 20031(1)
63912;7;1;8;4202(1) 11145(1) 13292(1) 14007(1) 16092(1) 16352(2) 16750(1) 17511(1)
64423;7;1;8;10090(1) 11809(2) 12631(1) 13313(1) 13623(1) 14515(1) 15107(1) 16243(1)
64799;6;2;8;4555(1) 6628(1) 7818(2) 16879(1) 16906(1) 16977(1) 17529(2) 18562(1)
68419;7;1;8;3475(2) 10180(1) 10306(1) 10782(1) 12102(1) 12381(1) 15931(1) 20034(1)
69594;7;1;8;5848(1) 6004(1) 7570(1) 9604(2) 11251(1) 11308(1) 19752(1) 21054(1)
69672;3;5;8;2036(1) 2963(1) 9543(1) 15002(2) 15003(2) 15061(2) 15970(2) 16637(2)
71450;7;1;8;2332(1) 3896(1) 5603(1) 11653(1) 12102(1) 16241(2) 16430(1) 20383(1)
72346;5;3;8;1018(1) 1019(2) 9837(1) 10676(1) 14218(2) 14229(2) 14772(1) 21144(1)
73337;6;2;8;801(1) 1657(1) 4290(2) 9450(1) 14185(2) 16820(1) 17055(1) 20766(1)
74409;7;1;8;805(1) 4228(1) 7532(1) 8292(1) 11117(1) 15348(2) 15579(1) 20112(1)
76100;6;2;8;2859(1) 6631(1) 8805(1) 9124(2) 9389(2) 10392(1) 14514(1) 18135(1)
76217;2;6;8;2672(2) 3233(2) 3443(2) 8907(1) 11668(2) 13472(2) 15900(1) 20361(2)
76462;7;1;8;578(1) 6356(2) 8271(1) 9030(1) 12309(1) 14012(1) 14325(1) 14350(1)
76558;7;1;8;3509(1) 3602(1) 5603(1) 10143(1) 12226(1) 12768(1) 14862(1) 16333(2)
76943;6;2;8;1448(1) 3717(2) 6131(1) 7835(1) 10633(1) 13033(1) 16361(1) 19187(2)
77097;7;1;8;541(1) 2831(1) 4440(1) 7371(1) 7673(1) 15084(1) 19474(1) 20632(2)
77228;7;1;8;1328(1) 6223(1) 6563(1) 6899(1) 10516(2) 12087(1) 16212(1) 18005(1)
77352;6;2;8;3890(1) 7998(1) 8619(1) 9105(1) 9134(2) 11091(1) 11890(1) 15895(2)
78700;6;2;8;347(1) 3142(1) 7732(1) 7943(1) 9122(1) 14954(1) 15993(2) 15994(2)
81038;2;6;8;296(1) 4458(2) 4710(2) 7039(2) 9353(2) 13113(2) 16005(1) 16078(2)
82660;7;1;8;1933(1) 3517(2) 3971(1) 6905(1) 8676(1) 9135(1) 15768(1) 18140(1)
83343;7;1;8;332(1) 3484(2) 6896(1) 8796(1) 9161(1) 9362(1) 9383(1) 19355(1)
83450;5;3;8;2726(1) 3015(1) 3978(1) 5397(2) 8257(1) 10523(2) 15535(2) 17165(1)
83519;7;1;8;1634(1) 2357(1) 2770(2) 5819(1) 8134(1) 12252(1) 14836(1) 18633(1)
83954;7;1;8;3(1) 12(2) 31(1) 73(1) 11863(1) 16375(1) 18007(1) 19242(1)
85951;7;1;8;1341(1) 2435(1) 5250(1) 7024(1) 7893(1) 9337(2) 10500(1) 17859(1)
87154;7;1;8;1173(1) 2262(1) 4157(1) 5577(1) 7835(1) 9814(2) 13033(1) 15084(1)
87496;7;1;8;562(2) 2810(1) 4822(1) 5311(1) 5732(1) 7508(1) 15098(1) 16299(1)
87550;7;1;8;987(1) 3434(1) 4859(1) 8787(2) 8941(1) 10319(1) 10320(1) 10321(1)
87949;6;2;8;550(1) 1146(1) 4580(1) 5790(1) 9823(2) 9920(2) 11283(1) 13889(1)
88879;7;1;8;2696(1) 2823(1) 5595(2) 5651(1) 6171(1) 7268(1) 9036(1) 15297(1)
89283;7;1;8;463(2) 466(1) 1459(1) 2735(1) 3305(1) 10575(1) 14554(1) 19875(1)
94398;2;6;8;7359(2) 8782(2) 10055(2) 17809(2) 18363(1) 19823(2) 20655(1) 20678(2)
102913;2;6;8;7881(2) 10117(1) 10520(2) 12221(2) 12855(2) 14051(1) 14950(2) 15481(2)
104521;5;3;8;4147(1) 10104(1) 11580(2) 12895(1) 13651(2) 13691(2) 14918(1) 15282(1)
105240;3;5;8;5085(1) 9707(2) 10744(2) 10822(2) 11959(1) 12594(2) 14349(1) 15995(2)
106002;4;4;8;1967(1) 3587(2) 9040(2) 11569(1) 12493(1) 15075(2) 20441(1) 21246(2)
109134;4;4;8;2861(1) 2868(2) 2869(2) 5390(1) 11667(2) 14560(1) 17600(1) 20976(2)
110285;5;3;8;4394(1) 5910(2) 8112(2) 8926(2) 9674(1) 15050(1) 15078(1) 16232(1)
111070;6;2;8;7785(2) 7786(1) 7787(1) 7793(1) 8326(2) 9597(1) 13531(1) 19197(1)
116910;2;6;8;831(1) 4827(2) 5868(2) 7114(2) 8004(2) 9887(2) 19208(1) 20418(2)
124117;5;3;8;3206(1) 5936(2) 6084(1) 6548(1) 8100(2) 11094(1) 15957(1) 18516(2)
128926;6;2;8;229(2) 3726(1) 4307(1) 7843(2) 7874(1) 9257(1) 11854(1) 12010(1)
131985;4;4;8;922(1) 1193(1) 3486(2) 5617(2) 7018(2) 7019(1) 9226(2) 16613(1)
148766;4;4;8;502(1) 7751(2) 8350(2) 8658(2) 14765(2) 15419(1) 15710(1) 16394(1)
148799;4;4;8;3274(2) 5487(1) 9166(1) 9207(2) 13529(1) 18007(1) 19528(2) 20989(2)
96046;6;2;8;3884(1) 6628(1) 7725(2) 16927(1) 17814(1) 18726(1) 18945(2) 19162(1)
169636;5;3;8;1791(1) 5228(1) 5304(2) 8124(1) 8640(1) 9447(2) 15903(1) 16000(2)
137524;6;2;8;5606(1) 10775(2) 11455(2) 12996(1) 15942(1) 15948(1) 16475(1) 18256(1)
152706;6;2;8;1318(1) 3971(1) 5018(1) 6083(1) 14247(2) 19235(1) 19974(2) 20379(1)
153364;6;2;8;6688(1) 6917(1) 7759(1) 12125(1) 15834(2) 16216(1) 18272(1) 18757(2)
155552;6;2;8;3017(2) 3694(1) 12564(1) 13851(1) 14835(1) 15393(1) 17250(2) 18550(1)
160860;6;2;8;2210(1) 2823(1) 7380(2) 8119(1) 12046(1) 15030(1) 18029(2) 21162(1)
171139;6;2;8;1401(1) 1404(1) 1448(1) 3967(1) 5369(2) 11231(2) 13370(1) 15948(1)
137789;2;6;8;2800(2) 6913(2) 13548(2) 13743(1) 16458(2) 17976(1) 18263(2) 19569(2)
182725;6;2;8;4045(1) 9524(1) 17023(1) 17125(1) 17363(1) 20074(1) 20543(2) 20544(2)
182730;6;2;8;2444(2) 10612(1) 11658(1) 11769(1) 15957(1) 18146(2) 19148(1) 19583(1)
183173;6;2;8;1669(1) 6610(1) 16522(1) 17181(1) 17571(1) 19786(2) 20527(2) 20532(1)
184792;5;3;8;5565(1) 6186(1) 9637(1) 10922(2) 15108(2) 18369(2) 19657(1) 20064(1)
185482;6;2;8;8091(2) 10636(1) 11285(1) 11360(1) 13033(1) 14069(1) 14787(2) 21048(1)
186563;6;2;8;6978(1) 7314(1) 11977(1) 12945(2) 14572(1) 18383(2) 18853(1) 19074(1)
188370;5;3;8;550(1) 6253(1) 10145(2) 15043(2) 15272(2) 15416(1) 18839(1) 21121(1)
189735;6;2;8;675(1) 7451(1) 7912(2) 13396(1) 15942(1) 16098(2) 17629(1) 19893(1)
191036;5;3;8;4194(1) 7973(1) 8029(1) 10515(2) 11603(1) 17488(2) 18737(2) 19569(1)
194729;5;3;8;4404(1) 4752(1) 9105(1) 9747(2) 10958(1) 16453(1) 18501(2) 20341(2)
200050;6;2;8;5681(1) 8411(1) 9309(1) 9832(2) 10274(1) 11629(1) 13164(1) 19227(2)
204383;6;2;8;1654(2) 2999(1) 4491(2) 4848(1) 10528(1) 12293(1) 20847(1) 20962(1)
205101;6;2;8;4537(1) 5213(2) 6673(1) 8141(1) 8956(2) 9539(1) 11722(1) 12282(1)
209802;5;3;8;551(2) 7821(1) 7989(2) 8160(1) 8314(1) 9786(1) 10331(1) 20028(2)
219448;6;2;8;86(1) 1918(1) 5202(1) 5480(2) 7013(1) 7759(1) 10601(1) 12060(2)
137435;6;2;8;10668(1) 14212(1) 14634(2) 15269(1) 15574(1) 15948(1) 18662(2) 20376(1)
189147;5;3;8;1429(2) 6188(1) 7745(1) 8213(2) 12380(1) 17546(2) 18042(1) 20662(1)
188805;5;3;8;4692(2) 8965(1) 11164(1) 12235(1) 12312(2) 14350(1) 16793(2) 20745(1)
228258;4;4;8;4618(1) 8635(1) 10159(2) 12811(2) 15022(2) 18328(2) 18902(1) 19712(1)
229805;5;3;8;7331(1) 7926(2) 12907(1) 13490(2) 15625(1) 15942(1) 16134(1) 19576(2)
183056;6;2;8;10077(2) 14534(2) 15757(1) 15795(1) 15922(1) 19117(1) 20774(1) 21125(1)
184039;4;4;8;8684(1) 10792(2) 12035(1) 12943(1) 13121(1) 15616(2) 16030(2) 19650(2)
185063;6;2;8;1647(2) 5195(2) 13493(1) 19645(1) 19657(1) 20062(1) 20063(1) 20067(1)
186617;6;2;8;179(2) 3279(1) 12207(1) 14192(1) 14689(1) 15809(1) 19928(1) 20000(2)
189592;6;2;8;2676(2) 4960(2) 11694(1) 12706(1) 15273(1) 15945(1) 16023(1) 17824(1)
190441;6;2;8;788(2) 6246(2) 6350(1) 14907(1) 14943(1) 15338(1) 15615(1) 19164(1)
194172;6;2;8;7343(2) 7878(1) 9246(1) 14781(1) 15365(1) 17336(2) 20728(1) 21208(1)
194767;6;2;8;2642(2) 5390(1) 7211(1) 10452(1) 10857(2) 10987(1) 20055(1) 20847(1)
195565;5;3;8;1100(2) 3973(2) 6673(1) 10362(1) 12729(2) 19256(1) 19258(1) 19260(1)
197235;6;2;8;7719(1) 7776(1) 8999(2) 10807(2) 11852(1) 13664(1) 14071(1) 19712(1)
197719;6;2;8;122(1) 1233(1) 1806(1) 17156(2) 17748(1) 17891(1) 19225(2) 20989(1)
198350;6;2;8;2357(1) 2435(1) 6671(1) 13827(1) 15214(2) 15386(2) 18469(1) 20689(1)
198948;6;2;8;713(1) 2789(2) 7743(2) 11342(1) 13686(1) 17346(1) 17815(1) 19071(1)
201667;6;2;8;1172(1) 2690(2) 5086(2) 5363(1) 8130(1) 10662(1) 17239(1) 20286(1)
204073;6;2;8;2195(2) 3585(2) 7401(1) 8483(1) 8969(1) 12433(1) 12597(1) 19680(1)
204312;6;2;8;3129(1) 4427(2) 9717(1) 10250(1) 11479(1) 11574(1) 12652(1) 14362(2)
205957;6;2;8;2641(1) 3109(1) 3742(2) 8134(1) 12119(2) 12149(1) 14381(1) 15316(1)
206961;6;2;8;1318(1) 4618(1) 6664(1) 9205(2) 14648(1) 15092(2) 18411(1) 21256(1)
208830;6;2;8;3120(1) 6405(2) 8858(1) 10242(1) 12948(2) 14296(1) 14491(1) 16173(1)
243033;5;3;8;3212(1) 4362(1) 4847(2) 6255(2) 8623(2) 11431(1) 12478(1) 19660(1)
212886;6;2;8;666(2) 2677(2) 5045(1) 10250(1) 11775(1) 12866(1) 13109(1) 21208(1)
93010;6;1;7;18056(1) 18186(1) 18675(1) 19174(1) 19175(1) 19802(1) 20459(2)
93441;6;1;7;16937(1) 17107(1) 17153(1) 18178(1) 18526(2) 19706(1) 19988(1)
93474;6;1;7;17060(1) 17349(1) 17573(1) 18236(1) 18500(2) 18968(1) 19658(1)
93819;5;2;7;16827(1) 16854(1) 17026(2) 17166(1) 17235(2) 17558(1) 21040(1)
94158;6;1;7;8011(1) 17201(2) 18097(1) 18220(1) 18234(1) 18686(1) 18732(1)
94439;6;1;7;10596(1) 12975(1) 13702(2) 16391(1) 19628(1) 19721(1) 19913(1)
94514;5;2;7;726(1) 17111(2) 17297(1) 17726(1) 18080(1) 20467(2) 20739(1)
94648;6;1;7;2664(1) 17079(1) 17316(1) 17445(1) 17598(1) 18952(2) 19735(1)
97066;6;1;7;7682(1) 8212(1) 12877(1) 14988(1) 15015(1) 18420(2) 21166(1)
97240;6;1;7;5588(1) 5857(1) 12907(1) 13768(1) 17998(1) 20813(1) 20822(2)
97590;6;1;7;4990(1) 7253(1) 12697(1) 16522(1) 17155(2) 18358(1) 19775(1)
97901;6;1;7;4412(1) 8398(1) 14378(1) 15945(1) 17205(1) 17503(2) 17986(1)
97947;6;1;7;4415(2) 5806(1) 11946(1) 12472(1) 20022(1) 20511(1) 20512(1)
98028;4;3;7;1764(1) 6456(2) 13976(1) 15278(2) 16431(1) 20751(1) 20799(2)
98140;6;1;7;8301(1) 8399(1) 11456(1) 14206(1) 15921(2) 16035(1) 20820(1)
98367;6;1;7;4329(1) 6683(2) 15050(1) 15957(1) 16358(1) 16538(1) 19648(1)
98894;6;1;7;1448(1) 10555(1) 10611(1) 16569(1) 17219(1) 17388(1) 19410(2)
99433;6;1;7;2001(2) 8958(1) 9641(1) 14694(1) 15832(1) 19645(1) 21208(1)
99618;6;1;7;6005(2) 6857(1) 10996(1) 13058(1) 16845(1) 18890(1) 18910(1)
99968;6;1;7;7428(1) 7602(1) 8983(1) 12618(1) 13709(2) 19720(1) 20766(1)
100055;1;6;7;1672(2) 10725(2) 13575(2) 13585(2) 15371(2) 15558(2) 20172(1)
101783;6;1;7;5398(1) 6588(1) 10050(1) 11355(1) 14826(1) 18037(1) 21004(2)
101848;6;1;7;1938(2) 3047(1) 8134(1) 15782(1) 18349(1) 19115(1) 20771(1)
102034;5;2;7;2696(1) 9268(1) 9683(2) 11481(1) 14009(2) 19628(1) 20059(1)
103502;6;1;7;5085(1) 5689(1) 8909(1) 14349(1) 16346(1) 16358(1) 17513(2)
103981;5;2;7;4173(1) 9071(1) 10561(1) 13033(1) 13473(1) 15472(2) 17680(2)
103988;6;1;7;2303(1) 8769(1) 9104(1) 14623(1) 15591(1) 15830(1) 17239(2)
104245;1;6;7;5525(2) 8286(2) 8778(2) 11190(2) 12469(1) 16127(2) 20653(2)
104934;4;3;7;2703(2) 10374(1) 10830(2) 13657(1) 13891(1) 15199(1) 15334(2)
104961;6;1;7;711(1) 8322(1) 10612(2) 12507(1) 13745(1) 14999(1) 21067(1)
105130;5;2;7;2253(1) 6433(1) 11990(2) 12129(1) 13388(1) 14320(1) 21196(2)
105760;6;1;7;8548(1) 8754(2) 9863(1) 11851(1) 13826(1) 13829(1) 14031(1)
105938;5;2;7;6897(2) 6981(1) 6982(1) 8901(1) 12839(2) 17496(1) 20347(1)
106283;5;2;7;274(1) 5135(2) 9276(1) 9498(1) 17138(2) 17738(1) 20843(1)
106458;6;1;7;4799(1) 4800(1) 6298(1) 9234(1) 13845(1) 19507(1) 21168(2)
107231;6;1;7;5441(1) 6492(1) 7652(1) 8966(1) 10654(1) 19282(2) 20076(1)
107948;6;1;7;4876(1) 5695(1) 8476(1) 9555(2) 12191(1) 16893(1) 19875(1)
109120;5;2;7;711(1) 4866(2) 9992(1) 11717(1) 12336(2) 16732(1) 19583(1)
109135;5;2;7;3507(1) 4070(2) 5521(1) 7553(1) 17279(2) 17354(1) 20639(1)
109244;6;1;7;2542(1) 4794(1) 6702(2) 10709(1) 14345(1) 16708(1) 19994(1)
109290;6;1;7;944(1) 5393(1) 7872(2) 12058(1) 14972(1) 15903(1) 18587(1)
109318;6;1;7;1699(2) 3108(1) 9488(1) 12505(1) 14593(1) 16015(1) 18285(1)
109625;2;5;7;7739(2) 9074(1) 9383(1) 9894(2) 11432(2) 13460(2) 14298(2)
111770;6;1;7;3142(1) 6472(1) 7410(1) 10282(1) 11851(1) 12283(1) 21108(2)
112996;6;1;7;4560(1) 4894(1) 8433(1) 11228(1) 12740(2) 13193(1) 16015(1)
113283;6;1;7;167(1) 6673(1) 7853(1) 10158(1) 11641(2) 13550(1) 20688(1)
113480;6;1;7;6394(2) 6681(1) 6955(1) 8693(1) 11626(1) 11692(1) 18469(1)
113689;6;1;7;2210(1) 2696(1) 7268(1) 10803(2) 11133(1) 16509(1) 19624(1)
114470;6;1;7;640(1) 4815(1) 9566(1) 11474(1) 13083(1) 13167(2) 16522(1)
114471;6;1;7;698(1) 3364(2) 3728(1) 10928(1) 12160(1) 18703(1) 19686(1)
115252;6;1;7;1712(1) 7505(2) 7710(1) 9985(1) 10467(1) 10733(1) 20211(1)
117003;6;1;7;1233(1) 2415(1) 6022(1) 6625(2) 12663(1) 18069(1) 19117(1)
118232;6;1;7;3044(1) 3913(1) 3917(1) 9951(1) 14559(1) 14633(2) 14672(1)
118252;1;6;7;1640(2) 1928(2) 6943(2) 8610(2) 14060(2) 15360(2) 16127(1)
118472;6;1;7;5492(1) 5498(1) 5926(1) 8222(2) 9191(1) 12275(1) 17804(1)
119311;6;1;7;1037(1) 1846(1) 6378(1) 7098(2) 12894(1) 16784(1) 17327(1)
119558;4;3;7;227(2) 3714(1) 5169(2) 5681(1) 12882(1) 16034(2) 19313(1)
120038;6;1;7;264(1) 3651(1) 5118(1) 11770(1) 13055(1) 13827(2) 14725(1)
121595;3;4;7;1681(1) 2384(2) 5770(2) 8058(2) 10284(1) 12306(2) 19843(1)
121705;5;2;7;2471(1) 4401(2) 5736(2) 5927(1) 6735(1) 15783(1) 19115(1)
123761;6;1;7;861(1) 1193(1) 4231(1) 7369(1) 8158(1) 15506(2) 20119(1)
124654;6;1;7;1691(1) 4418(1) 4449(1) 7673(1) 10787(1) 13258(2) 13941(1)
125544;5;2;7;645(2) 2855(1) 4199(1) 5813(1) 9955(1) 13532(1) 17913(2)
125825;3;4;7;2606(1) 5629(2) 7769(2) 8337(1) 9238(2) 9853(1) 11052(2)
126185;6;1;7;1824(1) 5321(1) 5714(1) 7138(1) 8616(1) 9046(1) 16315(2)
126434;6;1;7;1214(1) 1692(2) 4537(1) 6735(1) 9379(1) 11294(1) 18738(1)
127269;6;1;7;650(2) 2226(1) 2466(1) 3123(1) 4305(1) 19736(1) 19742(1)
127833;6;1;7;1110(1) 3019(1) 4518(1) 5580(1) 8201(1) 9463(2) 19374(1)
127999;6;1;7;3255(1) 3635(1) 5023(1) 8037(1) 8593(1) 11018(2) 11418(1)
131642;5;2;7;126(2) 2237(1) 3394(1) 3688(1) 5419(1) 11218(1) 16804(2)
132781;6;1;7;107(1) 953(1) 4860(1) 5789(1) 7138(1) 7762(1) 12474(2)
133885;5;2;7;890(1) 2441(2) 2683(1) 3855(1) 4971(2) 5021(1) 13138(1)
133891;6;1;7;499(1) 2873(1) 4150(1) 4513(2) 4946(1) 6677(1) 9300(1)
134460;6;1;7;1076(1) 1131(1) 1884(1) 2435(1) 3168(1) 5024(2) 10994(1)
144567;5;2;7;6546(1) 6892(1) 9308(2) 13722(2) 15957(1) 16269(1) 16584(1)
147640;5;2;7;284(1) 511(2) 4862(1) 8731(1) 19011(1) 19029(1) 19941(2)
157585;4;3;7;364(1) 5876(2) 6789(2) 7961(2) 9223(1) 16579(1) 20493(1)
177240;5;2;7;949(2) 1560(1) 2897(1) 3847(2) 8731(1) 10452(1) 13065(1)
134772;2;5;7;17148(1) 17316(1) 18165(2) 18483(2) 20193(2) 20423(2) 20969(2)
152140;5;2;7;325(1) 4319(2) 10351(2) 10398(1) 15673(1) 18007(1) 18130(1)
152809;5;2;7;8427(1) 8791(2) 8803(1) 8898(1) 14464(2) 14944(1) 16298(1)
164890;4;3;7;1193(1) 5016(1) 6144(1) 8156(2) 9648(2) 15765(2) 16543(1)
184301;5;2;7;1206(2) 10344(1) 10854(1) 18078(2) 18146(1) 19148(1) 19585(1)
186881;5;2;7;8123(2) 11431(1) 11629(1) 12560(1) 14678(1) 15760(1) 20385(2)
189717;5;2;7;6889(2) 10562(1) 10625(1) 11271(1) 13218(2) 15080(1) 16814(1)
154655;3;4;7;2015(2) 5520(2) 10528(1) 13624(2) 13697(2) 14549(1) 17913(1)
158972;5;2;7;4476(1) 5619(1) 7024(1) 9803(2) 14665(2) 16010(1) 17164(1)
161376;5;2;7;2713(1) 4652(1) 6792(2) 9746(2) 11431(1) 11629(1) 20518(1)
186372;5;2;7;1233(1) 7339(2) 10735(2) 11342(1) 18702(1) 19810(1) 21256(1)
188710;4;3;7;2708(2) 3671(2) 6022(1) 6948(1) 18925(2) 19733(1) 20304(1)
190414;3;4;7;244(2) 8208(2) 11787(2) 13797(1) 14958(1) 18277(1) 20181(2)
192952;5;2;7;3875(1) 7057(1) 7880(1) 11199(2) 15251(2) 15496(1) 20733(1)
201612;5;2;7;8017(1) 8985(2) 8989(1) 12125(1) 12222(1) 13536(2) 15633(1)
209252;5;2;7;2645(1) 4826(2) 8651(1) 10765(1) 19632(2) 19929(1) 20980(1)
217567;5;2;7;614(1) 3423(1) 6735(1) 8722(1) 12885(1) 15316(2) 19000(2)
226394;5;2;7;112(1) 207(2) 480(1) 1432(1) 1812(2) 4176(1) 9231(1)
160088;5;2;7;2036(1) 3875(1) 7759(1) 8514(2) 13303(1) 16031(2) 16032(1)
189573;2;5;7;289(2) 1012(2) 9401(1) 16388(2) 17629(2) 18811(2) 20343(1)
233331;4;3;7;2125(2) 2645(1) 8200(2) 12635(2) 12738(1) 14193(1) 15058(1)
183617;3;4;7;5625(2) 15668(2) 15877(2) 18188(1) 18215(2) 20662(1) 20965(1)
184895;5;2;7;5315(1) 10854(1) 11434(2) 15362(1) 16367(1) 17325(2) 20535(1)
185927;5;2;7;6751(2) 7699(1) 10157(1) 11278(2) 13344(1) 16589(1) 21195(1)
188525;5;2;7;889(2) 4051(2) 5125(1) 17102(1) 18130(1) 20250(1) 20422(1)
204045;5;2;7;372(1) 6968(2) 7002(2) 9254(1) 13502(1) 15333(1) 19644(1)
208566;5;2;7;81(2) 6958(2) 7013(1) 10605(1) 12665(1) 14382(1) 17055(1)
226977;5;2;7;12170(2) 16326(1) 16631(1) 16750(1) 20748(1) 21059(2) 21081(1)
227454;5;2;7;9552(1) 11912(1) 16472(2) 17119(1) 17282(1) 17418(1) 19916(2)
227806;5;2;7;10038(1) 10780(2) 14512(2) 15669(1) 17305(1) 18179(1) 19532(1)
228366;5;2;7;8131(2) 8765(2) 17891(1) 18676(1) 19117(1) 19657(1) 21242(1)
228426;5;2;7;11027(1) 11342(1) 14704(2) 15947(2) 16607(1) 19235(1) 19566(1)
228860;5;2;7;8198(1) 13352(2) 13958(1) 15711(2) 16010(1) 19037(1) 20751(1)
228897;4;3;7;2645(1) 8455(2) 12549(1) 13585(1) 13844(2) 15794(2) 20736(1)
230705;5;2;7;372(1) 5570(2) 9641(1) 14877(1) 16835(2) 17689(1) 20274(1)
230978;5;2;7;1395(2) 2025(1) 5993(2) 13033(1) 17047(1) 19727(1) 19742(1)
231188;5;2;7;3290(1) 7989(1) 9500(2) 17921(1) 18019(1) 18277(1) 18505(2)
231251;4;3;7;2117(2) 6034(2) 12736(1) 15942(1) 16579(1) 17993(2) 21219(1)
231619;5;2;7;3519(2) 10635(1) 11023(1) 14344(1) 14523(1) 15217(1) 17435(2)
231909;4;3;7;66(2) 74(2) 12467(1) 13024(2) 14505(1) 14763(1) 16603(1)
231917;5;2;7;372(1) 8500(2) 13008(1) 13712(2) 13841(1) 14129(1) 21208(1)
232415;5;2;7;9371(2) 9431(1) 10438(1) 11326(2) 11578(1) 14690(1) 20334(1)
233490;5;2;7;972(1) 7286(2) 12572(1) 14254(1) 18347(1) 19010(2) 20295(1)
233659;4;3;7;1333(2) 4743(1) 6909(2) 9755(2) 17955(1) 19251(1) 19540(1)
233851;5;2;7;5373(2) 8834(1) 11236(1) 13490(1) 13714(2) 15841(1) 17856(1)
234920;5;2;7;5206(2) 8053(1) 8054(2) 8055(1) 15640(1) 20545(1) 20759(1)
236356;4;3;7;1896(1) 2269(2) 12384(2) 13207(1) 13985(2) 14444(1) 20035(1)
237777;5;2;7;3464(2) 7547(1) 9667(2) 11431(1) 12478(1) 16252(1) 18019(1)
238392;5;2;7;4460(2) 10542(1) 11083(1) 12111(2) 12559(1) 12748(1) 15412(1)
239124;5;2;7;613(2) 6192(2) 11964(1) 14192(1) 15039(1) 15696(1) 19511(1)
247755;5;2;7;456(2) 4618(1) 7411(1) 8192(2) 8786(1) 15164(1) 18007(1)
249040;5;2;7;2176(1) 6659(1) 7759(1) 8396(1) 10624(2) 12700(1) 13221(2)
252266;5;2;7;2312(1) 2533(2) 5186(2) 8383(1) 9748(1) 11958(1) 13859(1)
252622;5;2;7;1326(2) 2909(2) 5557(1) 7673(1) 12863(1) 13622(1) 18469(1)
263019;4;3;7;244(1) 1216(1) 2974(1) 5343(1) 6674(2) 8106(2) 9504(2)
134666;2;4;6;12102(1) 20016(2) 20699(2) 20712(2) 20713(2) 20717(1)
135038;5;1;6;17275(1) 17317(1) 17441(2) 17766(1) 19499(1) 20373(1)
135182;4;2;6;16913(2) 16941(1) 17038(1) 17603(2) 19954(1) 20230(1)
135410;4;2;6;16886(2) 17033(1) 17116(1) 17531(2) 17580(1) 20515(1)
135488;5;1;6;16911(1) 17066(1) 17565(1) 17880(1) 18268(2) 18425(1)
135752;5;1;6;16823(1) 17174(1) 17360(2) 17428(1) 17456(1) 17533(1)
135971;5;1;6;12038(1) 12102(1) 16191(1) 20086(1) 20246(2) 20343(1)
136826;4;2;6;6775(2) 16942(1) 17351(1) 17426(2) 17563(1) 18165(1)
136935;5;1;6;6022(1) 13817(2) 15332(1) 15962(1) 21256(1) 21258(1)
137224;4;2;6;4544(2) 7561(2) 19657(1) 19950(1) 20064(1) 20548(1)
138358;5;1;6;10344(1) 11749(2) 11823(1) 12959(1) 20098(1) 21093(1)
138605;4;2;6;2227(2) 7602(1) 15620(1) 20554(1) 20555(2) 20768(1)
138641;4;2;6;7115(1) 10619(1) 15964(2) 17150(1) 17413(1) 18956(2)
138898;3;3;6;364(2) 12719(1) 16579(1) 16829(2) 19478(2) 20493(1)
139798;3;3;6;10460(2) 10712(1) 13717(2) 16120(2) 16586(1) 16644(1)
140396;5;1;6;9762(1) 12199(1) 14655(1) 14936(1) 15462(2) 15948(1)
141555;2;4;6;2172(2) 12494(1) 13129(2) 15327(2) 16513(2) 21070(1)
141661;5;1;6;5989(1) 7541(1) 10514(2) 14342(1) 21064(1) 21073(1)
141679;3;3;6;5067(2) 8882(1) 13584(2) 15779(1) 17891(1) 19298(2)
142246;5;1;6;7130(1) 10783(1) 14156(1) 14906(1) 16282(2) 16283(1)
142690;5;1;6;8833(1) 12201(2) 13871(1) 14064(1) 14632(1) 15183(1)
142885;5;1;6;3546(1) 10231(1) 12217(1) 14722(2) 17798(1) 19965(1)
142932;4;2;6;5443(2) 13496(1) 13821(2) 14524(1) 14722(1) 16383(1)
142956;5;1;6;6278(1) 10185(1) 11431(1) 11670(2) 19122(1) 19660(1)
143291;5;1;6;3699(1) 7363(1) 13033(1) 15452(1) 19131(2) 19149(1)
143430;5;1;6;7120(1) 10784(1) 14405(1) 15085(2) 15088(1) 15129(1)
143433;5;1;6;942(1) 9932(2) 12141(1) 13385(1) 20457(1) 20748(1)
143670;5;1;6;711(1) 11658(1) 15464(2) 15957(1) 16732(1) 16779(1)
143706;5;1;6;3142(1) 12628(2) 12738(1) 15750(1) 16120(1) 16874(1)
144109;2;4;6;2241(2) 7214(1) 14548(2) 15233(2) 17400(1) 20020(2)
144140;4;2;6;1554(1) 9470(1) 11515(1) 16010(1) 18823(2) 19241(2)
144145;1;5;6;3887(2) 9441(2) 14436(2) 14903(2) 15169(2) 18763(1)
144228;5;1;6;7414(1) 10564(1) 12283(1) 14954(1) 15318(2) 15929(1)
144637;5;1;6;5497(1) 10160(1) 13571(2) 13843(1) 16335(1) 16443(1)
144638;5;1;6;3549(1) 4601(1) 10452(1) 16213(1) 20188(2) 20846(1)
144653;5;1;6;1758(1) 6204(1) 13800(2) 14140(1) 19211(1) 20709(1)
144674;5;1;6;2471(1) 6673(1) 9893(2) 17302(1) 19115(1) 20326(1)
145015;5;1;6;9287(1) 10239(2) 10655(1) 13755(1) 14943(1) 16406(1)
145095;5;1;6;4964(1) 8731(1) 11026(1) 14764(1) 15948(1) 19757(2)
145442;5;1;6;2645(1) 7915(1) 12947(1) 13728(1) 16964(1) 20513(2)
145726;5;1;6;2689(1) 3651(1) 13676(1) 15175(2) 19356(1) 19747(1)
145941;5;1;6;1714(1) 8399(1) 12666(1) 12907(1) 17486(1) 20828(2)
146422;5;1;6;5700(2) 6779(1) 7624(1) 16391(1) 17787(1) 19099(1)
146538;5;1;6;1903(2) 11349(1) 12257(1) 14965(1) 16379(1) 16387(1)
147397;5;1;6;5522(2) 6769(1) 12663(1) 12669(1) 14810(1) 19740(1)
147952;5;1;6;3242(1) 4354(1) 10154(1) 17293(2) 17787(1) 18654(1)
148167;4;2;6;1037(1) 9288(2) 12371(1) 14475(2) 15739(1) 18334(1)
149067;5;1;6;4988(2) 9485(1) 11914(1) 13256(1) 13732(1) 16808(1)
149626;5;1;6;952(2) 5798(1) 7301(1) 17928(1) 18412(1) 19122(1)
149744;5;1;6;2344(1) 3288(2) 7100(1) 15886(1) 20040(1) 20736(1)
149946;5;1;6;5410(1) 6923(1) 7057(1) 15496(1) 15825(1) 18445(2)
149956;5;1;6;1448(1) 4676(1) 14696(2) 15111(1) 15788(1) 17422(1)
150928;5;1;6;4618(1) 5635(1) 9948(2) 9965(1) 18690(1) 19248(1)
150977;5;1;6;3748(2) 8941(1) 9067(1) 10319(1) 16590(1) 19392(1)
152054;5;1;6;1702(1) 6033(1) 8693(1) 11250(2) 18896(1) 20365(1)
152323;5;1;6;4676(1) 8673(2) 10701(1) 10703(1) 13813(1) 18089(1)
152350;5;1;6;3649(1) 9458(1) 9816(1) 11704(2) 14538(1) 17465(1)
152803;5;1;6;1560(1) 8438(2) 8731(1) 10452(1) 16140(1) 20846(1)
152869;4;2;6;754(2) 767(1) 13504(1) 13643(1) 18352(1) 19066(2)
153484;5;1;6;7671(1) 8428(1) 8761(1) 10836(1) 13857(2) 15871(1)
154485;5;1;6;2844(1) 5712(1) 8212(1) 13732(1) 14283(2) 19626(1)
154507;5;1;6;1138(2) 6376(1) 8398(1) 9578(1) 17657(1) 21236(1)
154582;4;2;6;4045(2) 7454(2) 8304(1) 13450(1) 14135(1) 16908(1)
154747;5;1;6;5110(1) 9300(1) 10036(2) 12102(1) 13622(1) 13956(1)
155012;5;1;6;2332(1) 3568(2) 9223(1) 10452(1) 18275(1) 20032(1)
155115;4;2;6;516(2) 4592(1) 9292(1) 13851(1) 16412(2) 19089(1)
155641;5;1;6;4822(1) 6090(2) 9867(1) 11036(1) 12141(1) 19293(1)
155679;5;1;6;5711(1) 5908(1) 8585(1) 9543(1) 12382(1) 21083(2)
156261;4;2;6;1854(1) 6022(1) 6673(1) 12891(2) 17212(2) 18007(1)
156270;5;1;6;4307(1) 5012(2) 5158(1) 11652(1) 15572(1) 20949(1)
157020;5;1;6;1329(1) 8271(1) 9532(1) 13447(1) 13448(1) 15908(2)
157248;4;2;6;821(1) 3633(2) 7282(1) 12259(1) 16864(2) 20836(1)
157593;3;3;6;1822(2) 3898(2) 11801(1) 12536(1) 12926(1) 18419(2)
158237;5;1;6;837(1) 5285(2) 7048(1) 11780(1) 14590(1) 21263(1)
158705;5;1;6;550(1) 1148(1) 11431(1) 11725(1) 16651(1) 18843(2)
159452;4;2;6;570(1) 4499(1) 9399(1) 10639(2) 16076(2) 18449(1)
159540;3;3;6;3691(2) 6894(1) 7791(1) 12202(1) 12418(2) 16560(2)
161013;5;1;6;673(1) 1523(1) 9309(1) 11629(1) 14684(2) 20302(1)
161445;3;3;6;2657(2) 4888(1) 9140(2) 11506(2) 11977(1) 17485(1)
161547;5;1;6;1479(1) 5880(1) 6798(2) 13254(1) 14912(1) 15213(1)
162565;5;1;6;1364(1) 1385(2) 4824(1) 10629(1) 19203(1) 19207(1)
162870;5;1;6;792(1) 4878(1) 10298(1) 10689(1) 14366(2) 15306(1)
163069;5;1;6;2160(1) 4875(2) 5391(1) 8013(1) 16441(1) 19270(1)
163489;5;1;6;536(1) 649(2) 8012(1) 9223(1) 16822(1) 20478(1)
163553;4;2;6;5569(1) 6734(1) 9554(1) 11156(2) 11217(1) 11428(2)
163984;5;1;6;2351(1) 6749(1) 7362(1) 7364(2) 12359(1) 19035(1)
164250;2;4;6;1161(2) 6353(1) 8446(2) 10110(2) 12681(2) 16202(1)
164473;5;1;6;926(1) 4171(1) 4715(1) 11436(2) 13921(1) 19540(1)
164917;5;1;6;1595(1) 3567(1) 4864(1) 5474(1) 18983(1) 19809(2)
164920;5;1;6;222(2) 2955(1) 8426(1) 12293(1) 14553(1) 15837(1)
167073;5;1;6;1196(1) 3430(1) 8068(1) 11629(1) 12560(1) 15155(2)
167332;5;1;6;1560(1) 2897(1) 8731(1) 10452(1) 12531(2) 15613(1)
167357;5;1;6;2076(1) 6279(1) 7619(1) 8002(1) 9845(2) 17938(1)
169428;4;2;6;1299(1) 5978(2) 6164(1) 10812(1) 10873(2) 14273(1)
169549;5;1;6;2099(1) 3179(1) 3370(1) 10225(2) 14426(1) 15948(1)
169552;5;1;6;4423(1) 4424(1) 6699(1) 9102(1) 11821(2) 12773(1)
169623;5;1;6;4906(2) 5102(1) 5250(1) 8272(1) 9925(1) 15702(1)
169942;5;1;6;1700(1) 5240(2) 7577(1) 10665(1) 11133(1) 12468(1)
170418;5;1;6;2651(2) 4617(1) 5612(1) 6673(1) 11515(1) 17165(1)
170471;5;1;6;1702(1) 3856(2) 4600(1) 9419(1) 14003(1) 14597(1)
170528;5;1;6;263(1) 1682(1) 5681(1) 9322(1) 15037(2) 16132(1)
170906;5;1;6;5066(2) 6264(1) 7698(1) 7701(1) 8708(1) 12210(1)
171507;1;5;6;1393(2) 3896(1) 6158(2) 9986(2) 11379(2) 14101(2)
172133;5;1;6;1758(1) 4393(1) 8075(1) 8644(2) 11615(1) 11629(1)
172548;5;1;6;640(1) 943(1) 1491(1) 11761(1) 12523(1) 18249(2)
172629;5;1;6;1753(1) 5202(1) 5210(1) 7759(1) 10813(2) 14745(1)
173677;5;1;6;2075(1) 3012(1) 5038(2) 5250(1) 12661(1) 15948(1)
174106;5;1;6;370(1) 1551(1) 1562(1) 7080(1) 15942(1) 16858(2)
174504;5;1;6;1193(1) 2282(2) 4133(1) 6639(1) 10398(1) 18145(1)
174514;5;1;6;1926(1) 4653(2) 5583(1) 8380(1) 9492(1) 12740(1)
175276;5;1;6;198(1) 3156(2) 5102(1) 7319(1) 8664(1) 17075(1)
176358;5;1;6;2339(2) 2686(1) 5243(1) 7827(1) 9261(1) 12102(1)
178282;5;1;6;2471(1) 3843(1) 5934(2) 5974(1) 8134(1) 8843(1)
179190;5;1;6;539(2) 3907(1) 5518(1) 6497(1) 7620(1) 8483(1)
179353;5;1;6;1994(1) 3883(2) 3981(1) 5131(1) 5239(1) 11873(1)
179925;5;1;6;286(2) 1460(1) 1512(1) 2736(1) 8314(1) 15497(1)
180904;2;4;6;2380(1) 2632(1) 2836(2) 3645(2) 5343(2) 6036(2)
197108;3;3;6;1984(2) 5997(2) 9269(2) 11444(1) 15574(1) 15696(1)
200791;3;3;6;1009(2) 1172(1) 10162(2) 16639(2) 16640(1) 19057(1)
202073;4;2;6;1186(2) 2772(1) 9105(1) 12279(2) 13073(1) 16133(1)
228230;4;2;6;501(2) 12105(1) 13108(1) 16245(2) 16627(1) 21271(1)
228353;4;2;6;2054(2) 3000(1) 7714(2) 18807(1) 19309(1) 20662(1)
228404;4;2;6;10694(2) 14156(1) 15948(1) 16390(2) 18156(1) 19697(1)
229379;4;2;6;10148(2) 12145(1) 13098(1) 14599(1) 15942(1) 19675(2)
245221;4;2;6;458(2) 1662(2) 9739(1) 9949(1) 14549(1) 15942(1)
193784;4;2;6;902(2) 2760(1) 3873(2) 17778(1) 19358(1) 20662(1)
227731;4;2;6;5204(2) 11725(1) 16854(1) 17242(1) 17410(1) 18424(2)
230188;4;2;6;1318(1) 4852(2) 6843(1) 18702(1) 19755(1) 20378(2)
233604;4;2;6;8846(2) 11629(1) 12810(1) 13247(2) 17499(1) 20965(1)
234266;4;2;6;5175(1) 8632(2) 8826(2) 13342(1) 19494(1) 19844(1)
238891;4;2;6;3764(2) 11405(2) 12029(1) 12102(1) 12552(1) 19603(1)
239818;4;2;6;5403(2) 10452(1) 14829(2) 15269(1) 15942(1) 19748(1)
247537;3;3;6;5235(2) 6592(1) 10849(1) 13579(2) 17119(1) 20080(2)
251343;4;2;6;1928(1) 3789(2) 7566(2) 11353(1) 15294(1) 18469(1)
253894;4;2;6;3430(1) 5185(2) 6030(2) 10343(1) 13771(1) 14824(1)
255893;4;2;6;4532(1) 5666(2) 6212(1) 14958(1) 14964(2) 15005(1)
181483;4;1;5;17063(1) 17153(1) 17681(1) 20739(1) 20759(2)
181585;4;1;5;14892(1) 17206(1) 19286(2) 19817(1) 21236(1)
181732;4;1;5;17280(2) 17297(1) 17309(1) 18725(1) 20890(1)
181835;4;1;5;17162(1) 17975(1) 18191(1) 18621(1) 18833(2)
182053;4;1;5;16832(1) 16863(2) 17249(1) 17480(1) 20907(1)
182066;4;1;5;6694(1) 20267(1) 20353(1) 20737(2) 21199(1)
182132;4;1;5;16947(1) 16962(1) 17490(2) 17886(1) 19541(1)
182436;4;1;5;14297(2) 16879(1) 18171(1) 18427(1) 18851(1)
183082;4;1;5;9231(1) 13439(1) 18801(2) 19733(1) 20300(1)
183495;4;1;5;9002(2) 16842(1) 16858(1) 16895(1) 19790(1)
184155;4;1;5;5535(1) 10188(1) 20115(1) 20431(1) 20735(2)
184671;4;1;5;6021(1) 12950(1) 18228(2) 18311(1) 20021(1)
184755;4;1;5;8866(2) 13676(1) 14878(1) 18096(1) 19792(1)
185929;4;1;5;2421(1) 11846(2) 18555(1) 19869(1) 19870(1)
186477;4;1;5;8212(1) 10258(1) 16117(2) 17741(1) 19213(1)
186803;4;1;5;6018(2) 7624(1) 18654(1) 18932(1) 19628(1)
186850;3;2;5;6305(1) 7970(2) 17401(2) 18792(1) 20295(1)
187138;4;1;5;6995(1) 13181(1) 14039(1) 14869(1) 21131(2)
187243;4;1;5;642(1) 11802(1) 19198(2) 19200(1) 19201(1)
187823;3;2;5;8522(1) 8525(1) 16052(2) 17373(2) 18630(1)
187936;4;1;5;11021(2) 12259(1) 12736(1) 16408(1) 16475(1)
188314;3;2;5;5880(1) 12036(2) 15552(1) 16453(2) 18388(1)
189007;4;1;5;7918(2) 11964(1) 13701(1) 14239(1) 19425(1)
189019;4;1;5;5591(1) 11578(1) 12872(1) 16211(1) 20980(2)
191805;4;1;5;5202(1) 9753(1) 14571(1) 15512(1) 18631(2)
191862;4;1;5;7786(1) 10043(1) 11099(1) 16306(1) 18389(2)
191915;4;1;5;2877(1) 12959(1) 13152(2) 13523(1) 21057(1)
192177;4;1;5;1367(1) 7705(2) 17213(1) 17545(1) 19419(1)
192622;4;1;5;6336(1) 12079(1) 12084(1) 15480(2) 16774(1)
193436;4;1;5;4878(1) 7006(2) 9561(1) 19710(1) 20662(1)
194157;4;1;5;5294(1) 5441(1) 11614(2) 17733(1) 20976(1)
194438;4;1;5;2039(2) 10850(1) 10852(1) 15839(1) 21150(1)
195193;4;1;5;7148(1) 7939(1) 8734(1) 15461(1) 20637(2)
195285;4;1;5;6569(1) 9668(1) 10425(1) 12238(2) 20916(1)
195784;3;2;5;2590(1) 11888(2) 13248(2) 14364(1) 17193(1)
197195;4;1;5;2713(1) 7081(1) 8610(1) 19092(2) 20402(1)
197279;4;1;5;8258(1) 8653(1) 10231(1) 12035(2) 18637(1)
197872;4;1;5;9383(1) 10711(1) 11927(1) 12353(2) 12898(1)
198678;4;1;5;5111(1) 6887(1) 9513(1) 15123(2) 19863(1)
198744;4;1;5;4422(1) 7080(1) 12145(1) 15942(1) 16837(2)
199226;3;2;5;3488(2) 7416(1) 7739(1) 17941(2) 19393(1)
199647;4;1;5;8304(1) 9944(1) 11629(1) 11940(1) 13785(2)
199948;4;1;5;972(2) 2664(1) 16951(1) 17076(1) 17665(1)
200046;4;1;5;4765(2) 7586(1) 12468(1) 14622(1) 15785(1)
200129;4;1;5;2522(1) 4726(1) 10634(1) 16163(1) 21095(2)
200520;4;1;5;6074(2) 9471(1) 10244(1) 14496(1) 14497(1)
200525;2;3;5;929(2) 8931(2) 10646(1) 14376(2) 19894(1)
200780;4;1;5;3308(2) 7144(1) 8394(1) 16538(1) 19148(1)
201124;4;1;5;185(2) 1500(1) 15163(1) 16657(1) 20707(1)
201698;4;1;5;1128(1) 10910(2) 13040(1) 14037(1) 14568(1)
201718;3;2;5;1997(2) 11477(1) 11771(1) 12784(2) 15640(1)
202720;4;1;5;4378(1) 7188(1) 9681(2) 13257(1) 18270(1)
202964;2;3;5;629(1) 5094(2) 8891(2) 18822(2) 19095(1)
203249;2;3;5;868(2) 6758(2) 9212(2) 17332(1) 18114(1)
204342;4;1;5;3000(1) 6437(1) 8162(1) 14407(2) 19309(1)
206058;4;1;5;1618(2) 4982(1) 8937(1) 14663(1) 19590(1)
206235;4;1;5;922(1) 5613(1) 11287(1) 14069(1) 17710(2)
206319;3;2;5;1346(2) 7650(2) 9409(1) 9956(1) 21164(1)
209942;4;1;5;3407(2) 3896(1) 9779(1) 14372(1) 14763(1)
210103;4;1;5;1556(1) 5563(1) 9693(2) 13650(1) 15596(1)
210473;4;1;5;374(2) 4715(1) 8457(1) 11867(1) 20312(1)
210905;4;1;5;2566(1) 4965(1) 6138(2) 10708(1) 20966(1)
211219;4;1;5;1526(2) 1586(1) 9494(1) 15463(1) 16960(1)
211505;4;1;5;3824(1) 4755(2) 8933(1) 13047(1) 14182(1)
211569;4;1;5;3235(2) 7906(1) 8893(1) 10706(1) 13951(1)
213176;4;1;5;2113(1) 9652(1) 10070(1) 10203(1) 11155(2)
213338;4;1;5;900(1) 1539(1) 4222(1) 16730(2) 19621(1)
214110;4;1;5;468(1) 3267(2) 11231(1) 13316(1) 14013(1)
214582;4;1;5;755(2) 1890(1) 10762(1) 12852(1) 15582(1)
215983;3;2;5;1226(1) 2171(1) 7143(1) 9376(2) 20452(2)
216812;4;1;5;514(2) 6698(1) 6793(1) 9287(1) 16140(1)
217618;4;1;5;5556(1) 5569(1) 6996(2) 8654(1) 11653(1)
218262;4;1;5;4593(1) 5212(2) 5891(1) 10795(1) 11137(1)
218431;4;1;5;1432(1) 3793(2) 7589(1) 9283(1) 15307(1)
219992;4;1;5;1339(1) 2177(2) 4499(1) 9854(1) 17429(1)
220895;3;2;5;754(1) 3167(1) 5429(2) 7137(1) 17478(2)
222391;1;4;5;191(2) 2837(2) 3746(2) 10494(2) 14163(1)
222517;3;2;5;173(2) 5714(1) 5931(2) 8805(1) 10581(1)
224221;4;1;5;718(1) 2306(1) 3378(1) 9223(1) 11814(2)
225123;4;1;5;1180(1) 2848(1) 3999(2) 4855(1) 11662(1)
225987;4;1;5;345(1) 957(1) 1630(2) 8693(1) 8830(1)
226488;4;1;5;312(1) 943(1) 1742(2) 4832(1) 7828(1)
264783;3;2;5;8000(2) 11603(1) 17756(2) 19564(1) 19687(1)
266017;3;2;5;1281(2) 13016(2) 16002(1) 18019(1) 18426(1)
266632;3;2;5;4296(2) 12972(2) 16627(1) 16652(1) 17497(1)
266796;3;2;5;8570(2) 10502(1) 14582(1) 15652(2) 16358(1)
266969;3;2;5;11875(2) 14227(1) 14842(2) 16093(1) 20013(1)
267614;3;2;5;2449(2) 7196(2) 15948(1) 16645(1) 20736(1)
268498;3;2;5;7155(2) 9001(1) 15373(2) 18482(1) 20868(1)
226908;3;1;4;18307(1) 18752(1) 19012(2) 19248(1)
227717;3;1;4;12145(1) 17571(1) 20075(2) 20236(1)
227968;3;1;4;11810(1) 18076(1) 18998(2) 19882(1)
228014;3;1;4;12031(1) 16146(2) 19620(1) 20768(1)
228090;3;1;4;10264(2) 16831(1) 20481(1) 20662(1)
229016;3;1;4;12366(1) 14045(2) 17891(1) 19216(1)
229252;3;1;4;1960(1) 19934(1) 19944(2) 20954(1)
229283;3;1;4;11037(1) 15076(1) 16015(1) 20559(2)
229296;3;1;4;7432(1) 16847(2) 18529(1) 19842(1)
229418;3;1;4;7873(2) 16933(1) 18401(1) 19066(1)
229923;3;1;4;10002(1) 14927(2) 17786(1) 18138(1)
229950;2;2;4;14476(1) 14884(2) 15154(1) 16266(2)
230018;3;1;4;9770(2) 12908(1) 18543(1) 19395(1)
230965;3;1;4;4934(1) 13833(2) 18597(1) 21153(1)
231141;3;1;4;2622(1) 16246(1) 19664(2) 19667(1)
231230;3;1;4;8101(1) 15537(2) 15579(1) 18820(1)
231264;3;1;4;4780(1) 13076(1) 19978(1) 20122(2)
231833;3;1;4;6797(1) 12882(1) 16271(2) 21021(1)
232072;3;1;4;8987(1) 10191(2) 16459(1) 20938(1)
232710;3;1;4;6715(1) 14073(1) 17331(1) 17427(2)
233137;3;1;4;8862(1) 9883(2) 16394(1) 19754(1)
233498;3;1;4;1202(2) 16158(1) 17233(1) 19808(1)
233524;3;1;4;26(2) 16976(1) 17200(1) 20161(1)
233582;3;1;4;12148(2) 12566(1) 13190(1) 16365(1)
233588;3;1;4;8421(2) 11939(1) 15920(1) 17985(1)
233635;3;1;4;230(1) 14379(1) 19523(2) 20079(1)
233873;3;1;4;1155(1) 16477(2) 18086(1) 18130(1)
234602;3;1;4;3044(1) 11330(2) 17674(1) 20854(1)
234675;3;1;4;6433(1) 14536(1) 15617(2) 16216(1)
234758;3;1;4;9031(1) 11307(1) 12790(2) 19585(1)
234791;3;1;4;5401(2) 5436(1) 20765(1) 21064(1)
235459;3;1;4;7383(1) 8602(2) 16395(1) 19454(1)
235546;2;2;4;3792(2) 8900(1) 18636(1) 20396(2)
235716;2;2;4;3171(1) 13662(2) 16497(2) 18179(1)
236371;3;1;4;8948(1) 11230(1) 12293(1) 18244(2)
236573;3;1;4;4109(1) 6218(2) 19768(1) 20398(1)
236735;3;1;4;3863(1) 11422(1) 14662(2) 20343(1)
237259;3;1;4;5447(2) 10831(1) 16509(1) 16945(1)
237613;3;1;4;7030(2) 13013(1) 13722(1) 15570(1)
237744;3;1;4;4463(1) 9666(1) 16745(1) 18331(2)
237758;3;1;4;6172(1) 10389(1) 13171(2) 19458(1)
237861;3;1;4;5167(1) 12597(1) 15287(2) 16034(1)
238129;3;1;4;7667(2) 10063(1) 13699(1) 17369(1)
238538;3;1;4;4294(1) 13207(2) 14450(1) 16410(1)
238595;3;1;4;2978(2) 13165(1) 13816(1) 18343(1)
238981;2;2;4;9462(1) 12543(1) 12691(2) 13226(2)
239001;3;1;4;2317(2) 5797(1) 18814(1) 20977(1)
239107;3;1;4;3041(1) 7503(2) 18132(1) 19122(1)
239556;3;1;4;3(1) 14183(2) 15845(1) 17302(1)
239943;3;1;4;5820(2) 11579(1) 14026(1) 15532(1)
240359;3;1;4;8134(1) 9751(1) 10303(2) 18360(1)
240447;3;1;4;7649(1) 7659(1) 13403(1) 17744(2)
240641;3;1;4;4811(2) 8731(1) 12719(1) 19995(1)
240659;3;1;4;3743(2) 9970(1) 11651(1) 20877(1)
240814;3;1;4;5799(1) 11185(1) 14425(2) 14681(1)
241243;3;1;4;8531(1) 8648(2) 11524(1) 16984(1)
241262;3;1;4;4952(2) 8294(1) 13011(1) 19407(1)
241267;3;1;4;6491(2) 10689(1) 12716(1) 15761(1)
241497;3;1;4;7476(1) 8142(2) 14590(1) 15222(1)
242224;3;1;4;1355(2) 5840(1) 17123(1) 20435(1)
242402;3;1;4;6154(2) 6267(1) 12478(1) 19660(1)
242548;3;1;4;3320(2) 10817(1) 11412(1) 18887(1)
242578;3;1;4;7844(2) 9469(1) 10230(1) 16865(1)
242749;3;1;4;4106(1) 11540(1) 12902(2) 15699(1)
243083;3;1;4;815(1) 13992(2) 14007(1) 15102(1)
243336;3;1;4;2471(1) 6773(1) 16134(1) 18312(2)
243377;3;1;4;5263(1) 9911(1) 10730(2) 17750(1)
243522;3;1;4;3352(2) 9045(1) 9959(1) 21162(1)
243734;1;3;4;5351(1) 8735(2) 14321(2) 14908(2)
244059;3;1;4;420(2) 10396(1) 12933(1) 19242(1)
245129;3;1;4;5815(1) 7168(2) 8198(1) 20798(1)
245140;3;1;4;1090(2) 10890(1) 11040(1) 18946(1)
245302;3;1;4;4527(2) 7852(1) 11094(1) 18333(1)
245777;3;1;4;5681(1) 9397(2) 10645(1) 15656(1)
246067;3;1;4;3083(2) 6245(1) 15292(1) 16512(1)
246271;3;1;4;6463(2) 6489(1) 13036(1) 14963(1)
246309;3;1;4;7544(2) 9437(1) 11066(1) 12871(1)
246739;3;1;4;7658(1) 8997(2) 9021(1) 14861(1)
246848;3;1;4;2333(2) 2696(1) 15030(1) 20377(1)
247150;3;1;4;4483(2) 8457(1) 8725(1) 18482(1)
248682;3;1;4;3847(1) 3919(2) 14581(1) 16358(1)
249373;2;2;4;3253(2) 3369(2) 15043(1) 16389(1)
249407;3;1;4;7913(2) 8651(1) 10683(1) 10775(1)
249549;3;1;4;5795(2) 6119(1) 11853(1) 14116(1)
250507;3;1;4;3365(1) 4886(2) 11882(1) 16816(1)
250922;3;1;4;2830(1) 7365(2) 12264(1) 14083(1)
251441;3;1;4;1077(1) 1262(1) 15408(1) 18305(2)
251640;3;1;4;2241(1) 3913(1) 14287(1) 15432(2)
252608;3;1;4;1075(1) 7861(1) 8137(1) 17903(2)
253024;3;1;4;2703(1) 6615(2) 12198(1) 12984(1)
253128;3;1;4;1908(1) 2539(1) 9300(1) 20641(2)
253184;3;1;4;5306(1) 8180(1) 9434(2) 11409(1)
253392;3;1;4;4582(1) 5003(2) 10999(1) 13529(1)
254185;3;1;4;3527(1) 6735(1) 6835(2) 16159(1)
255100;3;1;4;1644(1) 5044(2) 10756(1) 14831(1)
255379;3;1;4;2615(2) 4770(1) 9718(1) 14877(1)
255440;3;1;4;2465(1) 6725(1) 10528(1) 12190(2)
255775;3;1;4;4250(1) 4320(2) 6334(1) 16650(1)
256060;3;1;4;6263(1) 7038(1) 8357(2) 9565(1)
256203;3;1;4;2025(1) 2750(2) 9264(1) 17005(1)
256300;3;1;4;3694(1) 6950(1) 10101(1) 10184(2)
256694;3;1;4;1955(1) 2256(2) 11274(1) 14976(1)
257095;3;1;4;1509(1) 5389(1) 8078(1) 14974(2)
258022;3;1;4;6444(1) 6884(1) 7477(1) 8007(2)
259400;3;1;4;1130(2) 1138(1) 11618(1) 12949(1)
259719;3;1;4;729(2) 1715(1) 9547(1) 14325(1)
261309;3;1;4;59(2) 1196(1) 4153(1) 18084(1)
262096;3;1;4;3522(1) 5531(1) 5532(2) 7174(1)
263930;3;1;4;1027(2) 1702(1) 3626(1) 8543(1)
264611;2;1;3;19228(2) 20412(1) 20430(1)
264933;2;1;3;14975(2) 19906(1) 20788(1)
265166;2;1;3;13003(1) 20276(1) 20901(2)
265621;2;1;3;15939(2) 16043(1) 19532(1)
265968;2;1;3;10237(2) 18895(1) 20556(1)
266036;2;1;3;12051(2) 17316(1) 20028(1)
266431;2;1;3;12576(1) 15621(2) 19539(1)
266826;2;1;3;10584(2) 16077(1) 19846(1)
267125;2;1;3;12105(1) 13879(2) 19729(1)
267162;2;1;3;11166(2) 13653(1) 20791(1)
267184;2;1;3;12800(1) 13442(2) 19310(1)
267481;2;1;3;9467(1) 16620(2) 18779(1)
267714;2;1;3;9233(1) 17244(2) 17901(1)
268680;2;1;3;11386(1) 12812(2) 18338(1)
268681;2;1;3;8300(2) 15619(1) 18617(1)
268686;2;1;3;4821(1) 18219(2) 19492(1)
268698;2;1;3;10524(1) 11352(2) 20635(1)
268725;2;1;3;2089(2) 20065(1) 20313(1)
268803;2;1;3;3530(2) 19401(1) 19404(1)
268880;2;1;3;4693(2) 18441(1) 19079(1)
269292;2;1;3;5309(2) 15665(1) 20512(1)
269332;2;1;3;8299(2) 14180(1) 18937(1)
269341;2;1;3;5079(2) 15760(1) 20557(1)
269793;2;1;3;11398(1) 12074(2) 17145(1)
270225;2;1;3;7085(2) 14481(1) 18461(1)
270544;2;1;3;3737(2) 16756(1) 19087(1)
271511;2;1;3;531(2) 18847(1) 18914(1)
272088;2;1;3;5881(1) 13949(1) 17711(2)
272094;2;1;3;3425(2) 16644(1) 17466(1)
272493;2;1;3;2436(2) 15293(1) 19258(1)
272633;2;1;3;5332(2) 11518(1) 19964(1)
273326;2;1;3;5544(1) 15018(1) 15358(2)
273574;2;1;3;3972(2) 15090(1) 16534(1)
273988;2;1;3;6824(2) 12879(1) 15398(1)
274760;2;1;3;5236(2) 8243(1) 20668(1)
276174;2;1;3;3777(2) 12455(1) 16191(1)
276733;2;1;3;7012(2) 8208(1) 16516(1)
276797;2;1;3;8143(2) 8499(1) 15035(1)
278131;2;1;3;4779(2) 6994(1) 18347(1)
278219;2;1;3;4927(2) 7145(1) 17949(1)
279147;2;1;3;3911(1) 3940(2) 21111(1)
280060;2;1;3;2891(2) 5992(1) 18970(1)
280878;2;1;3;1302(2) 7940(1) 17613(1)
280943;2;1;3;3669(2) 5275(1) 17826(1)
281158;2;1;3;2820(2) 9298(1) 14390(1)
283197;2;1;3;3172(1) 3419(2) 17259(1)
284747;2;1;3;55(1) 1879(2) 19671(1)
285211;2;1;3;4734(1) 5950(2) 10129(1)
289841;1;1;2;17650(2) 21019(1)
291108;1;1;2;13144(2) 17037(1)
291827;1;1;2;7875(2) 19313(1)
293715;1;1;2;3767(2) 17957(1)
298534;0;1;1;21024(2)
298535;0;1;1;20986(2)
298536;0;1;1;20929(2)
298537;0;1;1;20928(2)
298538;0;1;1;20919(2)
298539;0;1;1;20903(2)
298540;0;1;1;20882(2)
298541;0;1;1;20855(2)
298542;0;1;1;20835(2)
298543;0;1;1;20831(2)
298544;0;1;1;20740(2)
298545;0;1;1;20738(2)
298546;0;1;1;20694(2)
298547;0;1;1;20686(2)
298548;0;1;1;20644(2)
298549;0;1;1;20614(2)
298550;0;1;1;20587(2)
298551;0;1;1;20560(2)
298552;0;1;1;20516(2)
298553;0;1;1;20472(2)
298554;0;1;1;20411(2)
298555;0;1;1;20352(2)
298556;0;1;1;20289(2)
298557;0;1;1;20196(2)
298558;0;1;1;20148(2)
298559;0;1;1;20103(2)
298560;0;1;1;20093(2)
298561;0;1;1;20085(2)
298562;0;1;1;20083(2)
298563;0;1;1;20037(2)
298564;0;1;1;20025(2)
298565;0;1;1;19998(2)
298566;0;1;1;19952(2)
298567;0;1;1;19936(2)
298568;0;1;1;19919(2)
298569;0;1;1;19883(2)
298570;0;1;1;19879(2)
298571;0;1;1;19872(2)
298572;0;1;1;19862(2)
298573;0;1;1;19853(2)
298574;0;1;1;19744(2)
298575;0;1;1;19700(2)
298576;0;1;1;19691(2)
298577;0;1;1;19641(2)
298578;0;1;1;19575(2)
298579;0;1;1;19550(2)
298580;0;1;1;19524(2)
298581;0;1;1;19496(2)
298582;0;1;1;19457(2)
298583;0;1;1;19439(2)
298584;0;1;1;19417(2)
298585;0;1;1;19380(2)
298586;0;1;1;19379(2)
298587;0;1;1;19373(2)
298588;0;1;1;19349(2)
298589;0;1;1;19340(2)
298590;0;1;1;19332(2)
298591;0;1;1;19304(2)
298592;0;1;1;19279(2)
298593;0;1;1;19267(2)
298594;0;1;1;19252(2)
298595;0;1;1;19238(2)
298596;0;1;1;19169(2)
298597;0;1;1;19108(2)
298598;0;1;1;18985(2)
298599;0;1;1;18861(2)
298600;0;1;1;18855(2)
298601;0;1;1;18826(2)
298602;0;1;1;18825(2)
298603;0;1;1;18795(2)
298604;0;1;1;18748(2)
298605;0;1;1;18739(2)
298606;0;1;1;18685(2)
298607;0;1;1;18657(2)
298608;0;1;1;18650(2)
298609;0;1;1;18645(2)
298610;0;1;1;18602(2)
298611;0;1;1;18435(2)
298612;0;1;1;18416(2)
298613;0;1;1;18394(2)
298614;0;1;1;18385(2)
298615;0;1;1;18374(2)
298616;0;1;1;18339(2)
298617;0;1;1;18252(2)
298618;0;1;1;18242(2)
298619;0;1;1;18203(2)
298620;0;1;1;18066(2)
298621;0;1;1;18000(2)
298622;0;1;1;17988(2)
298623;0;1;1;17973(2)
298624;0;1;1;17970(2)
298625;0;1;1;17930(2)
298626;0;1;1;17904(2)
298627;0;1;1;17899(2)
298628;0;1;1;17896(2)
298629;0;1;1;17870(2)
298630;0;1;1;17805(2)
298631;0;1;1;17746(2)
298632;0;1;1;17656(2)
298633;0;1;1;17556(2)
298634;0;1;1;17554(2)
298635;0;1;1;17550(2)
298636;0;1;1;17539(2)
298637;0;1;1;17521(2)
298638;0;1;1;17467(2)
298639;0;1;1;17461(2)
298640;0;1;1;17450(2)
298641;0;1;1;17444(2)
298642;0;1;1;17375(2)
298643;0;1;1;17294(2)
298644;0;1;1;17175(2)
298645;0;1;1;17135(2)
298646;0;1;1;17070(2)
298647;0;1;1;17025(2)
298648;0;1;1;17006(2)
298649;0;1;1;16967(2)
298650;0;1;1;16950(2)
298651;0;1;1;16901(2)
298652;0;1;1;16557(2)
298653;0;1;1;16546(2)
298654;0;1;1;16466(2)
298655;0;1;1;16451(2)
298656;0;1;1;16370(2)
298657;0;1;1;16244(2)
298658;0;1;1;16228(2)
298659;0;1;1;16094(2)
298660;0;1;1;15999(2)
298661;0;1;1;15826(2)
298662;0;1;1;15759(2)
298663;0;1;1;15663(2)
298664;0;1;1;15627(2)
298665;0;1;1;15410(2)
298666;0;1;1;15369(2)
298667;0;1;1;15249(2)
298668;0;1;1;15225(2)
298669;0;1;1;15223(2)
298670;0;1;1;15203(2)
298671;0;1;1;15193(2)
298672;0;1;1;15159(2)
298673;0;1;1;14931(2)
298674;0;1;1;14913(2)
298675;0;1;1;14857(2)
298676;0;1;1;14830(2)
298677;0;1;1;14797(2)
298678;0;1;1;14738(2)
298679;0;1;1;14669(2)
298680;0;1;1;14504(2)
298681;0;1;1;14447(2)
298682;0;1;1;14392(2)
298683;0;1;1;14317(2)
298684;0;1;1;14250(2)
298685;0;1;1;14213(2)
298686;0;1;1;14204(2)
298687;0;1;1;13861(2)
298688;0;1;1;13811(2)
298689;0;1;1;13796(2)
298690;0;1;1;13675(2)
298691;0;1;1;13639(2)
298692;0;1;1;13632(2)
298693;0;1;1;13590(2)
298694;0;1;1;13557(2)
298695;0;1;1;13538(2)
298696;0;1;1;13522(2)
298697;0;1;1;13519(2)
298698;0;1;1;13495(2)
298699;0;1;1;13487(2)
298700;0;1;1;13470(2)
298701;0;1;1;13443(2)
298702;0;1;1;13438(2)
298703;0;1;1;13182(2)
298704;0;1;1;12953(2)
298705;0;1;1;12942(2)
298706;0;1;1;12841(2)
298707;0;1;1;12793(2)
298708;0;1;1;12685(2)
298709;0;1;1;12627(2)
298710;0;1;1;12590(2)
298711;0;1;1;12485(2)
298712;0;1;1;12392(2)
298713;0;1;1;12311(2)
298714;0;1;1;12304(2)
298715;0;1;1;12273(2)
298716;0;1;1;12233(2)
298717;0;1;1;12164(2)
298718;0;1;1;12130(2)
298719;0;1;1;12075(2)
298720;0;1;1;12064(2)
298721;0;1;1;12040(2)
298722;0;1;1;12024(2)
298723;0;1;1;11982(2)
298724;0;1;1;11908(2)
298725;0;1;1;11899(2)
298726;0;1;1;11831(2)
298727;0;1;1;11805(2)
298728;0;1;1;11765(2)
298729;0;1;1;11742(2)
298730;0;1;1;11731(2)
298731;0;1;1;11676(2)
298732;0;1;1;11549(2)
298733;0;1;1;11530(2)
298734;0;1;1;11472(2)
298735;0;1;1;11430(2)
298736;0;1;1;11332(2)
298737;0;1;1;11270(2)
298738;0;1;1;11144(2)
298739;0;1;1;11124(2)
298740;0;1;1;11106(2)
298741;0;1;1;11030(2)
298742;0;1;1;10998(2)
298743;0;1;1;10969(2)
298744;0;1;1;10921(2)
298745;0;1;1;10909(2)
298746;0;1;1;10863(2)
298747;0;1;1;10860(2)
298748;0;1;1;10771(2)
298749;0;1;1;10764(2)
298750;0;1;1;10750(2)
298751;0;1;1;10403(2)
298752;0;1;1;10397(2)
298753;0;1;1;10327(2)
298754;0;1;1;10275(2)
298755;0;1;1;10220(2)
298756;0;1;1;10144(2)
298757;0;1;1;10114(2)
298758;0;1;1;10019(2)
298759;0;1;1;10018(2)
298760;0;1;1;9976(2)
298761;0;1;1;9960(2)
298762;0;1;1;9914(2)
298763;0;1;1;9877(2)
298764;0;1;1;9828(2)
298765;0;1;1;9825(2)
298766;0;1;1;9692(2)
298767;0;1;1;9676(2)
298768;0;1;1;9665(2)
298769;0;1;1;9630(2)
298770;0;1;1;9313(2)
298771;0;1;1;9279(2)
298772;0;1;1;9170(2)
298773;0;1;1;9169(2)
298774;0;1;1;9087(2)
298775;0;1;1;9053(2)
298776;0;1;1;9016(2)
298777;0;1;1;9015(2)
298778;0;1;1;8960(2)
298779;0;1;1;8922(2)
298780;0;1;1;8899(2)
298781;0;1;1;8870(2)
298782;0;1;1;8757(2)
298783;0;1;1;8756(2)
298784;0;1;1;8755(2)
298785;0;1;1;8727(2)
298786;0;1;1;8721(2)
298787;0;1;1;8647(2)
298788;0;1;1;8629(2)
298789;0;1;1;8597(2)
298790;0;1;1;8589(2)
298791;0;1;1;8562(2)
298792;0;1;1;8553(2)
298793;0;1;1;8437(2)
298794;0;1;1;8378(2)
298795;0;1;1;8369(2)
298796;0;1;1;8285(2)
298797;0;1;1;8260(2)
298798;0;1;1;8150(2)
298799;0;1;1;8109(2)
298800;0;1;1;8099(2)
298801;0;1;1;8009(2)
298802;0;1;1;7987(2)
298803;0;1;1;7981(2)
298804;0;1;1;7947(2)
298805;0;1;1;7928(2)
298806;0;1;1;7882(2)
298807;0;1;1;7841(2)
298808;0;1;1;7837(2)
298809;0;1;1;7809(2)
298810;0;1;1;7799(2)
298811;0;1;1;7783(2)
298812;0;1;1;7768(2)
298813;0;1;1;7741(2)
298814;0;1;1;7723(2)
298815;0;1;1;7721(2)
298816;0;1;1;7711(2)
298817;0;1;1;7608(2)
298818;0;1;1;7540(2)
298819;0;1;1;7524(2)
298820;0;1;1;7455(2)
298821;0;1;1;7429(2)
298822;0;1;1;7402(2)
298823;0;1;1;7388(2)
298824;0;1;1;7325(2)
298825;0;1;1;7302(2)
298826;0;1;1;7279(2)
298827;0;1;1;7278(2)
298828;0;1;1;7242(2)
298829;0;1;1;7179(2)
298830;0;1;1;7166(2)
298831;0;1;1;7109(2)
298832;0;1;1;7027(2)
298833;0;1;1;6929(2)
298834;0;1;1;6920(2)
298835;0;1;1;6916(2)
298836;0;1;1;6875(2)
298837;0;1;1;6836(2)
298838;0;1;1;6834(2)
298839;0;1;1;6804(2)
298840;0;1;1;6784(2)
298841;0;1;1;6783(2)
298842;0;1;1;6708(2)
298843;0;1;1;6636(2)
298844;0;1;1;6620(2)
298845;0;1;1;6618(2)
298846;0;1;1;6530(2)
298847;0;1;1;6509(2)
298848;0;1;1;6465(2)
298849;0;1;1;6418(2)
298850;0;1;1;6404(2)
298851;0;1;1;6332(2)
298852;0;1;1;6281(2)
298853;0;1;1;6254(2)
298854;0;1;1;6242(2)
298855;0;1;1;6227(2)
298856;0;1;1;6222(2)
298857;0;1;1;6168(2)
298858;0;1;1;6142(2)
298859;0;1;1;6132(2)
298860;0;1;1;6125(2)
298861;0;1;1;5958(2)
298862;0;1;1;5946(2)
298863;0;1;1;5719(2)
298864;0;1;1;5680(2)
298865;0;1;1;5673(2)
298866;0;1;1;5671(2)
298867;0;1;1;5596(2)
298868;0;1;1;5582(2)
298869;0;1;1;5573(2)
298870;0;1;1;5509(2)
298871;0;1;1;5476(2)
298872;0;1;1;5422(2)
298873;0;1;1;5407(2)
298874;0;1;1;5381(2)
298875;0;1;1;5379(2)
298876;0;1;1;5320(2)
298877;0;1;1;5298(2)
298878;0;1;1;5297(2)
298879;0;1;1;5264(2)
298880;0;1;1;5230(2)
298881;0;1;1;5177(2)
298882;0;1;1;5143(2)
298883;0;1;1;5115(2)
298884;0;1;1;5047(2)
298885;0;1;1;4948(2)
298886;0;1;1;4914(2)
298887;0;1;1;4830(2)
298888;0;1;1;4807(2)
298889;0;1;1;4782(2)
298890;0;1;1;4774(2)
298891;0;1;1;4735(2)
298892;0;1;1;4722(2)
298893;0;1;1;4711(2)
298894;0;1;1;4667(2)
298895;0;1;1;4594(2)
298896;0;1;1;4530(2)
298897;0;1;1;4494(2)
298898;0;1;1;4469(2)
298899;0;1;1;4402(2)
298900;0;1;1;4379(2)
298901;0;1;1;4369(2)
298902;0;1;1;4251(2)
298903;0;1;1;4145(2)
298904;0;1;1;4076(2)
298905;0;1;1;4058(2)
298906;0;1;1;4017(2)
298907;0;1;1;3949(2)
298908;0;1;1;3908(2)
298909;0;1;1;3879(2)
298910;0;1;1;3825(2)
298911;0;1;1;3805(2)
298912;0;1;1;3796(2)
298913;0;1;1;3775(2)
298914;0;1;1;3692(2)
298915;0;1;1;3667(2)
298916;0;1;1;3657(2)
298917;0;1;1;3646(2)
298918;0;1;1;3625(2)
298919;0;1;1;3623(2)
298920;0;1;1;3622(2)
298921;0;1;1;3618(2)
298922;0;1;1;3594(2)
298923;0;1;1;3496(2)
298924;0;1;1;3480(2)
298925;0;1;1;3411(2)
298926;0;1;1;3388(2)
298927;0;1;1;3317(2)
298928;0;1;1;3302(2)
298929;0;1;1;3294(2)
298930;0;1;1;3291(2)
298931;0;1;1;3232(2)
298932;0;1;1;3214(2)
298933;0;1;1;3201(2)
298934;0;1;1;3186(2)
298935;0;1;1;3154(2)
298936;0;1;1;3141(2)
298937;0;1;1;3010(2)
298938;0;1;1;3007(2)
298939;0;1;1;2996(2)
298940;0;1;1;2961(2)
298941;0;1;1;2945(2)
298942;0;1;1;2936(2)
298943;0;1;1;2829(2)
298944;0;1;1;2705(2)
298945;0;1;1;2579(2)
298946;0;1;1;2443(2)
298947;0;1;1;2419(2)
298948;0;1;1;2349(2)
298949;0;1;1;2345(2)
298950;0;1;1;2326(2)
298951;0;1;1;2322(2)
298952;0;1;1;2290(2)
298953;0;1;1;2209(2)
298954;0;1;1;2192(2)
298955;0;1;1;2186(2)
298956;0;1;1;2168(2)
298957;0;1;1;2100(2)
298958;0;1;1;2008(2)
298959;0;1;1;1982(2)
298960;0;1;1;1961(2)
298961;0;1;1;1919(2)
298962;0;1;1;1909(2)
298963;0;1;1;1887(2)
298964;0;1;1;1849(2)
298965;0;1;1;1800(2)
298966;0;1;1;1690(2)
298967;0;1;1;1663(2)
298968;0;1;1;1590(2)
298969;0;1;1;1558(2)
298970;0;1;1;1529(2)
298971;0;1;1;1499(2)
298972;0;1;1;1484(2)
298973;0;1;1;1469(2)
298974;0;1;1;1416(2)
298975;0;1;1;1405(2)
298976;0;1;1;1370(2)
298977;0;1;1;1349(2)
298978;0;1;1;1273(2)
298979;0;1;1;1251(2)
298980;0;1;1;1227(2)
298981;0;1;1;1204(2)
298982;0;1;1;1201(2)
298983;0;1;1;1171(2)
298984;0;1;1;1070(2)
298985;0;1;1;1025(2)
298986;0;1;1;995(2)
298987;0;1;1;960(2)
298988;0;1;1;936(2)
298989;0;1;1;909(2)
298990;0;1;1;903(2)
298991;0;1;1;876(2)
298992;0;1;1;795(2)
298993;0;1;1;699(2)
298994;0;1;1;695(2)
298995;0;1;1;686(2)
298996;0;1;1;680(2)
298997;0;1;1;671(2)
298998;0;1;1;663(2)
298999;0;1;1;515(2)
299000;0;1;1;505(2)
299001;0;1;1;493(2)
299002;0;1;1;483(2)
299003;0;1;1;457(2)
299004;0;1;1;431(2)
299005;0;1;1;427(2)
299006;0;1;1;424(2)
299007;0;1;1;404(2)
299008;0;1;1;327(2)
299009;0;1;1;297(2)
299010;0;1;1;275(2)
299011;0;1;1;268(2)
299012;0;1;1;262(2)
299013;0;1;1;121(2)
299014;0;1;1;113(2)
299015;0;1;1;99(2)
299016;0;1;1;80(2)
299017;0;1;1;8(2)
