# шкаф;l1;l2;lo;система
159;41;256;297;124(2) 507(2) 539(2) 661(1) 706(2) 740(2) 801(1) 890(2) 940(2) 1276(2) 1294(2) 1510(2) 1528(2) 1636(1) 1651(2) 1704(2) 1722(2) 1765(2) 1779(2) 1807(2) 1816(2) 1903(1) 2064(2) 2069(2) 2070(2) 2097(2) 2185(2) 2210(2) 2269(2) 2376(2) 2506(2) 2554(1) 2623(2) 2635(2) 2646(2) 2710(2) 2825(2) 2878(2) 2991(2) 2997(2) 3015(2) 3046(2) 3163(2) 3243(2) 3284(2) 3534(2) 3544(1) 3643(2) 3660(2) 3674(2) 3725(2) 3743(2) 3750(2) 3755(1) 3899(2) 3920(2) 3993(2) 3995(2) 4100(1) 4234(2) 4240(2) 4244(2) 4247(2) 4277(2) 4486(2) 4498(2) 4570(2) 4575(2) 4613(2) 4679(2) 4723(2) 4908(2) 4928(2) 4993(2) 4999(2) 5020(2) 5074(2) 5093(2) 5102(2) 5103(2) 5146(2) 5147(2) 5305(2) 5337(1) 5350(2) 5371(2) 5380(2) 5430(2) 5478(1) 5517(2) 5628(2) 5677(2) 5761(2) 5764(2) 5795(2) 5855(2) 5868(1) 5946(2) 6018(2) 6099(2) 6141(2) 6248(2) 6268(2) 6283(1) 6324(2) 6357(2) 6365(2) 6406(2) 6412(2) 6543(2) 6564(2) 6755(1) 6786(2) 6876(2) 6915(2) 6956(2) 6960(2) 7108(1) 7110(2) 7132(1) 7137(2) 7155(2) 7199(2) 7244(2) 7410(2) 7424(2) 7441(2) 7477(2) 7500(2) 7567(2) 7578(2) 7599(2) 7626(2) 7665(1) 7699(2) 7750(2) 7840(2) 7852(2) 7856(1) 8005(2) 8024(2) 8053(2) 8140(2) 8154(1) 8177(2) 8243(2) 8508(2) 8570(2) 8581(2) 8648(2) 8684(1) 8691(2) 8716(2) 8798(2) 8816(2) 8825(2) 8833(2) 8853(2) 8935(2) 9011(1) 9064(2) 9076(2) 9094(2) 9259(2) 9305(2) 9331(2) 9352(2) 9442(2) 9579(2) 9580(2) 9606(2) 9742(1) 9787(1) 9924(1) 10033(2) 10081(2) 10083(2) 10106(2) 10122(2) 10232(2) 10287(2) 10295(2) 10299(2) 10321(2) 10405(2) 10430(2) 10435(2) 10438(2) 10443(2) 10472(2) 10482(2) 10602(2) 10623(2) 10776(2) 10809(2) 10821(2) 10886(2) 10912(2) 10915(2) 10956(2) 11000(2) 11049(1) 11314(2) 11343(2) 11366(2) 11415(1) 11422(2) 11432(2) 11497(2) 11541(2) 11587(2) 11588(2) 11590(2) 11766(1) 11784(2) 11835(2) 11908(1) 12033(2) 12080(2) 12261(1) 12334(2) 12387(2) 12414(2) 12437(2) 12465(2) 12522(1) 12534(2) 12595(1) 12613(2) 12627(2) 12631(2) 12662(2) 12858(2) 12882(1) 12885(2) 12886(2) 12962(2) 12967(2) 12971(2) 13036(2) 13095(2) 13280(2) 13417(1) 13467(2) 13478(2) 13537(2) 13605(1) 13661(2) 13808(2) 13820(2) 13884(2) 13940(2) 13941(2) 13962(1) 14025(2) 14250(2) 14268(2) 14318(2) 14403(2) 14447(2) 14496(1) 14498(1) 14508(2) 14559(2) 14598(2) 14704(2) 14712(2) 14863(2) 14890(2) 14930(2) 14938(2) 14975(2) 14989(1) 15002(2) 15125(2) 15143(1) 15183(1) 15214(1) 15216(2) 15330(2) 15333(2) 15382(2) 15401(2) 15416(2) 15433(2) 15462(2) 15514(2) 15561(2) 15636(2) 15700(2) 15722(2) 15731(1) 15905(2) 15977(2) 16017(2) 16041(2) 16051(2)
582;16;147;163;245(2) 299(2) 398(2) 443(2) 584(1) 594(2) 804(2) 892(2) 920(2) 1035(2) 1260(2) 1265(2) 1377(2) 1417(2) 1554(1) 1858(2) 1866(2) 1924(2) 1937(2) 2155(2) 2166(2) 2169(2) 2171(2) 2177(2) 2204(2) 2205(2) 2248(2) 2296(2) 2308(2) 2373(2) 2443(2) 2483(1) 2817(2) 2959(2) 3219(2) 3565(1) 4044(2) 4084(1) 4265(2) 4293(2) 4568(2) 4594(2) 4699(1) 4799(2) 4991(2) 5169(2) 5191(2) 5200(2) 5258(2) 5265(2) 5487(2) 5519(2) 5561(1) 5684(2) 5710(2) 5739(2) 5774(1) 5802(2) 6003(1) 6134(2) 6267(2) 6276(2) 6497(2) 6506(2) 6536(2) 6570(2) 6828(1) 7240(2) 7259(2) 7328(2) 7376(2) 7411(2) 7435(2) 7596(2) 7644(2) 7665(1) 7755(2) 7762(2) 7832(2) 7956(2) 8062(2) 8212(2) 8230(2) 8298(2) 8498(2) 8564(2) 9006(2) 9014(2) 9052(2) 9085(2) 9089(2) 9093(2) 9210(2) 9265(2) 9329(2) 9346(1) 9624(2) 9729(2) 10031(2) 10121(2) 10375(2) 10390(2) 10459(2) 10510(2) 10633(1) 10704(2) 10748(2) 10764(2) 10785(2) 10841(2) 11042(2) 11376(1) 11487(2) 11496(2) 11572(2) 11618(2) 11731(2) 11833(2) 11883(2) 11928(2) 12085(2) 12088(2) 12101(1) 12102(2) 12120(2) 12159(2) 12264(2) 12951(1) 12960(2) 13096(2) 13128(2) 13382(2) 13689(2) 13722(2) 13767(2) 13928(2) 14036(2) 14046(2) 14174(2) 14303(2) 14359(2) 14404(2) 14417(2) 14435(2) 14436(2) 14455(2) 14506(2) 14609(2) 14734(2) 14894(2) 14947(2) 15000(2) 15010(2) 15123(2) 15165(2) 15275(2) 15296(2) 15387(2) 15400(2) 15411(2) 15555(2) 15592(2) 16021(2)
747;15;144;159;136(2) 141(2) 146(2) 674(2) 816(2) 1204(2) 1549(1) 1806(2) 1808(2) 1823(2) 1917(2) 2050(2) 2133(2) 2239(2) 2302(2) 2327(2) 2431(2) 2577(2) 2589(2) 2608(2) 2659(2) 2769(2) 2772(2) 2873(2) 3056(2) 3057(2) 3195(2) 3285(2) 3337(2) 3382(2) 3384(2) 3461(2) 3627(2) 3631(2) 3648(2) 3686(2) 4260(2) 4450(1) 4617(2) 4657(2) 4772(2) 4802(2) 4825(2) 4867(2) 4875(2) 5116(2) 5117(2) 5436(1) 5459(2) 5612(2) 5734(2) 5915(2) 6015(2) 6017(1) 6038(2) 6164(2) 6187(2) 6253(2) 6317(2) 6324(1) 6336(2) 6391(2) 6501(2) 6502(2) 6565(1) 6622(1) 6693(2) 6732(2) 6754(2) 6884(2) 6951(2) 7117(2) 7118(2) 7154(2) 7347(2) 7353(1) 7383(2) 7384(1) 7425(2) 7452(1) 7574(2) 7577(2) 7631(1) 7884(2) 8251(2) 8445(2) 8486(2) 8514(2) 8695(2) 8799(2) 8992(2) 9337(2) 9365(2) 9399(2) 9485(2) 9497(2) 9539(2) 9547(2) 9599(2) 9758(2) 9784(2) 9894(2) 9913(2) 10277(2) 10296(2) 10343(2) 10344(2) 10378(2) 10414(2) 10418(2) 10422(2) 10427(2) 10471(2) 10877(2) 10925(2) 10993(2) 11022(2) 11065(2) 11073(1) 11149(2) 11335(2) 11413(2) 11438(2) 11474(2) 11491(2) 11579(2) 11656(2) 11663(2) 12028(2) 12122(2) 12402(2) 12453(2) 12595(2) 12637(2) 12638(2) 12640(2) 12643(2) 12764(2) 12886(1) 13298(2) 13507(1) 13542(2) 13563(2) 13666(1) 13792(2) 13817(2) 13853(2) 14115(2) 14726(2) 14937(2) 15106(2) 15138(2) 15546(2) 15715(2) 15825(2) 15836(2) 15947(2) 15961(2) 16040(2)
1152;36;122;158;162(2) 235(2) 382(2) 401(2) 426(2) 555(2) 640(2) 695(2) 778(2) 800(2) 911(1) 943(2) 1227(2) 1263(2) 1697(2) 1886(2) 2101(2) 2131(2) 2318(2) 2374(1) 2651(2) 2724(2) 2793(2) 2854(2) 2889(1) 2935(2) 2978(1) 3138(2) 3307(1) 3525(2) 3763(1) 3783(1) 4059(2) 4210(2) 4318(2) 4587(1) 4901(2) 5197(2) 5493(1) 5676(2) 5718(2) 5762(2) 5798(2) 5800(2) 5933(1) 5935(2) 5948(2) 5969(1) 6106(2) 6159(2) 6288(2) 6791(2) 6854(2) 6957(2) 7523(2) 7541(2) 7544(1) 7633(2) 7655(1) 7707(2) 7854(2) 7867(2) 8092(2) 8110(1) 8162(2) 8291(2) 8448(1) 8505(2) 8656(1) 8819(1) 8864(1) 9027(2) 9042(2) 9316(2) 9374(1) 9388(2) 9438(2) 9491(2) 9868(2) 9989(2) 9990(1) 10111(2) 10212(2) 10285(2) 10315(2) 10417(2) 10505(1) 10508(2) 10574(2) 10639(2) 10661(2) 10759(2) 10848(2) 10917(2) 10966(2) 11283(1) 11285(1) 11319(1) 11338(2) 11355(2) 11392(2) 11434(2) 11470(2) 11592(2) 11610(2) 11623(2) 11885(1) 11887(1) 11904(2) 11930(1) 12081(2) 12249(2) 12383(2) 12556(2) 12578(2) 12715(2) 12870(2) 12877(2) 12883(1) 12937(2) 13000(2) 13076(2) 13132(1) 13179(2) 13196(2) 13259(2) 13305(2) 13367(2) 13503(2) 13508(2) 13610(2) 13802(2) 14016(2) 14021(2) 14054(2) 14096(1) 14360(2) 14485(2) 14531(2) 14616(1) 14623(2) 14847(1) 14860(2) 14940(1) 14941(1) 14982(2) 15134(2) 15162(2) 15171(2) 15184(2) 15212(2) 15252(2) 15278(1) 15355(2) 15736(2) 15759(2) 15864(1) 15960(2)
188;11;127;138;408(2) 609(2) 978(1) 1081(2) 1084(2) 1133(2) 1193(1) 1388(2) 1638(2) 1737(2) 1870(2) 1962(2) 2078(2) 2215(2) 2216(2) 2217(2) 2312(2) 2359(2) 2678(2) 2685(1) 2739(2) 3229(2) 3241(2) 3666(2) 3733(2) 3778(2) 3824(2) 4025(2) 4151(2) 4222(2) 4413(2) 4537(1) 4596(1) 4635(2) 4675(2) 4896(2) 4948(2) 4965(2) 4990(2) 5057(2) 5094(2) 5100(2) 5365(2) 5448(2) 5468(2) 5485(2) 5496(2) 5644(2) 5769(2) 5845(2) 5976(2) 6013(2) 6079(2) 6137(2) 6158(2) 6675(2) 6900(1) 7150(2) 7338(2) 7571(2) 7724(2) 7792(2) 7838(2) 7851(1) 7926(2) 8114(2) 8177(1) 8209(2) 8262(2) 8420(2) 8443(2) 8462(2) 8714(2) 8936(2) 8939(2) 9055(2) 9060(2) 9112(2) 9139(2) 9378(2) 9768(1) 9937(2) 10276(2) 10281(2) 10361(2) 10363(2) 10416(2) 10457(2) 10631(2) 10734(2) 11080(1) 11082(2) 11119(2) 11230(2) 11360(2) 11439(2) 11657(2) 11892(2) 11917(2) 11959(2) 12366(2) 12451(2) 12653(2) 12720(2) 12766(2) 12789(2) 13029(2) 13125(2) 13225(2) 13260(2) 13290(2) 13381(2) 13398(2) 13422(2) 13428(2) 13555(2) 13557(2) 13559(2) 14108(2) 14272(2) 14344(1) 14499(2) 14501(2) 14502(2) 14529(2) 14549(2) 14630(2) 14690(2) 14757(2) 15032(2) 15069(2) 15070(2) 15513(2) 15600(2) 15606(2) 15612(2) 15643(2) 16027(2)
921;9;125;134;126(2) 128(2) 187(2) 258(2) 301(2) 418(2) 595(2) 662(2) 763(2) 772(2) 851(2) 958(2) 1296(2) 1467(2) 1820(2) 1956(2) 2096(2) 2100(2) 2397(2) 2400(2) 2401(2) 2402(2) 2405(2) 2406(2) 2407(2) 2409(2) 2410(2) 2411(2) 2412(2) 2413(2) 2414(2) 2475(2) 2528(1) 2529(2) 2530(2) 2665(2) 2820(2) 2900(2) 2941(2) 3017(2) 3022(2) 3024(2) 3312(2) 3397(2) 3451(2) 3661(1) 3888(2) 3911(2) 4137(2) 4489(2) 4653(2) 5033(2) 5343(2) 5434(2) 5572(2) 5688(2) 5694(2) 5878(1) 5965(2) 5991(2) 6002(2) 6063(2) 6132(2) 6338(2) 6388(2) 6498(2) 6573(2) 6645(2) 6838(2) 7043(2) 7317(2) 7475(2) 7479(2) 7480(2) 8282(2) 8315(1) 8329(2) 8343(2) 8635(2) 8706(2) 8791(2) 8817(2) 8840(2) 8860(2) 9131(2) 9134(2) 9219(2) 9379(2) 9400(2) 10466(2) 10475(2) 10564(1) 10652(2) 10836(2) 10865(2) 10889(1) 10954(2) 11027(2) 11030(2) 11171(2) 11207(2) 11231(2) 11424(2) 11966(2) 11967(2) 11968(2) 12459(2) 12482(2) 12859(2) 12992(2) 12993(2) 13009(2) 13019(2) 13236(2) 13440(2) 13570(2) 13571(2) 13574(2) 13632(1) 13786(2) 13906(2) 14146(1) 14187(2) 14769(2) 14802(2) 15326(2) 15363(2) 15364(2) 15389(2) 15487(2) 15558(2) 15581(2) 15602(2) 15838(1)
846;21;105;126;175(2) 267(2) 277(2) 936(2) 966(2) 978(1) 1031(2) 1122(2) 1192(2) 1255(2) 1501(2) 1509(2) 1573(2) 1742(2) 1805(2) 1943(2) 1981(2) 2036(2) 2138(2) 2140(1) 2218(1) 2334(2) 2473(2) 2480(2) 2522(2) 2534(2) 2552(2) 2657(2) 2673(2) 2685(2) 2688(2) 2768(1) 2791(2) 2883(2) 3160(2) 3163(1) 3185(2) 3241(1) 3364(1) 3404(2) 3431(2) 3524(2) 3702(2) 3826(2) 4060(2) 4142(2) 4262(2) 4370(2) 4440(2) 4501(1) 4513(1) 4537(2) 4600(2) 4776(2) 4955(2) 5259(2) 5441(1) 5595(2) 5623(2) 5635(2) 5862(2) 5875(2) 6283(1) 6392(2) 6578(2) 6697(2) 7009(1) 7097(2) 7608(1) 7665(1) 7688(1) 7693(2) 7718(2) 7830(2) 7924(2) 8172(2) 8290(2) 8460(2) 8651(1) 8757(2) 9189(2) 9901(2) 9975(2) 10250(2) 10465(2) 10503(2) 10523(2) 10599(2) 10608(2) 10650(2) 10737(1) 10934(2) 11268(1) 11726(2) 11772(2) 11790(2) 11801(2) 11834(2) 11893(2) 11954(2) 12130(2) 12144(1) 12171(2) 12474(2) 12546(2) 12774(2) 13342(2) 13451(2) 13543(2) 13544(2) 13717(2) 13734(2) 13874(2) 14210(2) 14376(2) 14383(2) 14501(1) 14628(2) 14666(2) 14989(2) 15167(2) 15192(2) 15417(2) 15548(2) 15552(1) 15878(2)
3955;22;103;125;283(1) 304(2) 412(2) 567(2) 666(2) 702(2) 770(2) 808(2) 903(2) 1052(2) 1057(2) 1107(2) 1158(2) 1524(2) 1544(2) 1556(2) 1657(2) 1707(2) 2009(1) 2137(1) 2299(2) 2309(1) 2329(2) 2428(2) 2464(2) 2519(2) 2576(1) 2582(2) 2793(1) 2849(1) 3060(2) 3073(2) 3120(2) 3177(2) 3189(2) 3433(2) 3559(2) 3622(1) 3636(2) 3716(2) 3772(1) 3858(2) 3915(2) 3985(1) 4128(2) 4133(2) 4162(2) 4171(2) 4179(2) 4184(2) 4445(1) 4488(2) 4492(2) 4497(2) 4558(2) 4628(2) 4946(2) 4974(2) 5001(2) 5071(2) 5340(2) 5348(2) 5432(1) 5513(2) 5516(2) 5645(2) 5853(1) 6004(2) 6090(2) 6182(2) 6246(2) 6304(2) 6342(2) 6484(2) 6774(2) 6812(1) 6925(2) 6927(2) 6952(2) 6991(2) 7040(2) 7101(2) 7174(2) 7189(1) 7296(2) 7552(2) 7675(2) 8014(2) 8161(2) 8184(2) 8493(2) 8579(2) 8680(2) 8708(2) 8803(2) 8836(2) 8941(2) 9140(2) 9355(2) 9695(2) 10111(1) 10217(2) 10227(2) 10242(2) 10376(2) 10424(2) 10639(1) 11319(1) 11354(2) 11734(2) 12178(2) 12211(2) 12394(2) 12396(2) 12397(2) 12403(2) 13508(1) 13592(1) 13793(1) 13995(2) 14068(2) 14619(2) 14650(2) 15064(2) 15150(1)
2169;32;91;123;110(2) 366(2) 527(2) 805(2) 1285(2) 1546(2) 2042(2) 2043(2) 2058(1) 2197(2) 2243(2) 2272(2) 2528(2) 2683(2) 2970(1) 3256(2) 3378(1) 3488(2) 3546(1) 3719(2) 3775(2) 3853(2) 4180(1) 4447(1) 4888(2) 5003(1) 5437(1) 5666(2) 5689(2) 5969(1) 6261(2) 6483(2) 6554(2) 6567(2) 6575(1) 6695(2) 6812(2) 6962(1) 6971(2) 7083(2) 7180(2) 7196(2) 7499(2) 7598(2) 7612(2) 7645(2) 7655(1) 7774(2) 7878(2) 8013(2) 8110(2) 8448(1) 8506(2) 8613(1) 8653(2) 8855(1) 9003(1) 9201(2) 9374(2) 9519(1) 9771(2) 9972(2) 10056(2) 10111(1) 10125(2) 10148(2) 10155(2) 10179(1) 10288(2) 10328(2) 10367(2) 10801(2) 10838(1) 10879(2) 10889(2) 10911(2) 11178(2) 11319(1) 11501(2) 11505(2) 11623(1) 11713(2) 11773(2) 11998(2) 12165(1) 12486(2) 12517(2) 12800(2) 12857(2) 12870(1) 12883(1) 12913(2) 13132(1) 13207(2) 13279(2) 13310(1) 13448(2) 13508(1) 13632(2) 13720(2) 13759(2) 13888(2) 13989(2) 13994(2) 14024(2) 14146(1) 14360(1) 14534(2) 14639(2) 14676(2) 14791(2) 14816(2) 14860(1) 14871(2) 14940(1) 14969(2) 15021(2) 15040(2) 15220(2) 15494(2) 15507(2) 15512(2) 15864(2)
885;21;99;120;90(2) 125(2) 159(2) 163(2) 196(2) 279(2) 421(2) 516(2) 823(2) 846(2) 850(2) 960(2) 1050(2) 1051(2) 1116(2) 1297(2) 1301(2) 1341(2) 1473(2) 1659(2) 1700(2) 1809(2) 2259(2) 2461(2) 2653(2) 3162(2) 3405(1) 3466(2) 3478(2) 3493(2) 3538(2) 3635(2) 3758(1) 3877(2) 3997(2) 4000(2) 4052(2) 4111(1) 4414(2) 4477(2) 4546(1) 4814(2) 5036(2) 5078(2) 5128(2) 5361(2) 5381(2) 5438(2) 5639(2) 5719(2) 5880(2) 5909(2) 5930(1) 6024(2) 6031(2) 6221(2) 6256(2) 6257(2) 6322(2) 6368(2) 6583(1) 6739(2) 6822(2) 6868(2) 6919(2) 6922(2) 7020(2) 7136(2) 7188(2) 7369(2) 7581(2) 7829(2) 7842(1) 8020(2) 8052(2) 8058(2) 8174(2) 8350(2) 8392(2) 8437(2) 8529(2) 8786(1) 8870(2) 8879(1) 9568(2) 9806(2) 9911(2) 10003(2) 10109(1) 10184(1) 10526(1) 10699(2) 10938(1) 11005(2) 11710(2) 11711(1) 11764(2) 12041(1) 12116(2) 12201(2) 12327(2) 13143(1) 13296(1) 13366(2) 13565(1) 13672(1) 13673(2) 13842(2) 14067(2) 14323(2) 14357(2) 14652(1) 14653(2) 15137(1) 15215(2) 15268(2) 15287(2) 15488(2) 15765(2) 15859(2)
41;20;100;120;114(2) 496(2) 502(2) 503(2) 578(2) 661(2) 812(2) 838(2) 1088(2) 1315(2) 1331(2) 1438(2) 1478(2) 1604(2) 1721(2) 1762(2) 2364(2) 2511(2) 2569(2) 2939(2) 3530(2) 3534(1) 3566(2) 3969(2) 4003(2) 4177(2) 4234(1) 4443(2) 4502(2) 4503(2) 4575(1) 4612(2) 5145(2) 5256(2) 5400(2) 5403(2) 5546(1) 5770(2) 5821(2) 5829(2) 5925(2) 6016(2) 6100(2) 6219(2) 6222(2) 6264(2) 6356(2) 6384(1) 6405(2) 6632(2) 6747(2) 6913(1) 7333(1) 7505(2) 7567(1) 7665(1) 7726(2) 7759(2) 7896(2) 7959(2) 7962(2) 8009(1) 8463(2) 8597(2) 8612(2) 8728(2) 8827(2) 8901(2) 8913(2) 9044(2) 9104(2) 9133(2) 9238(2) 9246(2) 9266(2) 9268(1) 9279(2) 9604(2) 9708(2) 10044(2) 10802(2) 11049(1) 11305(2) 11314(1) 11364(2) 11422(1) 11451(2) 11702(1) 11786(2) 12010(2) 12325(2) 12524(2) 12586(2) 12709(2) 12739(2) 12804(1) 12911(1) 13168(2) 13484(2) 13904(2) 13918(2) 13947(2) 13949(2) 13961(2) 13962(1) 13977(2) 14254(2) 14500(2) 14521(2) 14780(2) 14863(1) 14942(2) 15005(2) 15059(1) 15224(2) 15684(2) 15753(2) 15911(2) 15994(2) 15998(2)
1135;8;111;119;393(2) 800(1) 1014(2) 1030(2) 1186(2) 1307(2) 1447(2) 1459(2) 1540(2) 1751(2) 1812(2) 1814(2) 1908(2) 1909(2) 2008(2) 2012(2) 2513(2) 2691(1) 2722(2) 3005(2) 3032(2) 3744(2) 3850(2) 4397(2) 4603(2) 5000(2) 5655(2) 5788(2) 5843(2) 5879(2) 6197(2) 6466(2) 6703(2) 7560(2) 7619(2) 7744(2) 8043(2) 8215(2) 8293(2) 8340(2) 8863(2) 9421(2) 9610(2) 9755(2) 10132(2) 10150(2) 10165(2) 10303(2) 10392(2) 10436(2) 10488(1) 10689(2) 10715(2) 10768(2) 10778(2) 10788(2) 10862(2) 11025(2) 11031(2) 11120(2) 11163(2) 11288(1) 11447(2) 11459(2) 11664(2) 11698(2) 11783(2) 11869(2) 11989(2) 12231(2) 12419(2) 12607(2) 12714(2) 12727(2) 12738(2) 12741(2) 12870(1) 13001(2) 13120(2) 13132(2) 13223(2) 13332(2) 13353(2) 13379(2) 13393(1) 13413(2) 13427(2) 13568(1) 13584(2) 13631(2) 13637(2) 13750(2) 13777(2) 13855(2) 13883(2) 13913(2) 13993(1) 14033(2) 14209(2) 14432(2) 14482(2) 14562(2) 14664(2) 14709(2) 14963(2) 15118(2) 15217(2) 15272(2) 15320(2) 15360(2) 15461(2) 15521(2) 15625(2) 15662(2) 15695(2) 15707(2) 15708(2) 15775(2) 15850(2)
11799;15;104;119;253(2) 405(2) 451(2) 709(2) 1348(2) 1349(2) 1350(2) 1359(2) 1362(2) 1364(2) 1376(2) 1423(2) 1426(2) 1427(2) 1675(2) 1685(2) 1784(2) 1786(2) 1799(2) 1896(2) 1965(2) 2011(2) 2119(2) 2207(2) 2331(2) 2494(2) 2637(1) 2741(2) 2759(2) 3089(2) 3200(2) 3347(1) 3367(2) 3421(2) 4015(2) 4253(2) 4641(2) 4682(2) 4722(2) 5003(1) 5142(2) 5167(2) 5228(2) 5353(2) 5937(2) 6006(2) 6173(2) 6198(2) 6542(2) 6575(1) 6621(2) 6635(2) 6671(2) 6836(2) 6837(2) 6962(1) 7143(2) 7363(2) 7412(2) 7416(2) 7478(2) 7488(2) 7555(2) 7632(2) 7739(2) 7741(2) 8026(2) 8105(2) 8128(2) 8358(2) 8405(2) 8483(2) 8549(2) 8616(2) 8633(2) 8749(1) 8855(1) 9149(2) 9343(2) 9464(2) 9914(2) 10111(1) 10133(2) 10161(2) 10313(2) 10645(2) 10744(2) 10772(2) 10844(1) 11035(2) 11170(2) 11342(2) 11581(2) 11650(1) 12044(2) 12052(2) 12227(2) 12305(1) 12306(1) 12446(2) 12775(2) 12864(2) 13080(2) 13200(2) 13373(2) 13424(2) 13508(1) 13774(2) 14129(2) 14137(1) 14138(2) 14444(2) 14798(2) 15050(2) 15341(1) 15833(2) 15918(2) 15955(2) 16007(2)
0;3;113;116;99(2) 151(2) 241(2) 379(2) 380(2) 719(2) 742(2) 747(2) 764(2) 873(2) 878(2) 1303(2) 1545(2) 2082(2) 2226(2) 2252(2) 2607(2) 3303(2) 3306(2) 3375(2) 3379(2) 3380(2) 3464(2) 3467(2) 3468(2) 3469(2) 3470(2) 3471(2) 3473(2) 4153(2) 4213(2) 4236(2) 4238(2) 4320(2) 4324(2) 4350(1) 4687(2) 5125(2) 5304(2) 5375(2) 5659(2) 5662(2) 5663(2) 5753(2) 5754(2) 5898(2) 5923(2) 5924(2) 6107(2) 6362(2) 6604(2) 6777(2) 6799(2) 6823(2) 6920(1) 7323(2) 7474(2) 7537(2) 8475(2) 9267(2) 9321(2) 9668(2) 9677(2) 9678(2) 9683(2) 9700(2) 9792(2) 9793(2) 10407(2) 10576(2) 10588(2) 10590(2) 10746(2) 10747(2) 10901(2) 10985(2) 10999(2) 11038(2) 11047(2) 11304(2) 11323(2) 11428(2) 11529(2) 11546(2) 11604(2) 11666(2) 11668(2) 11672(2) 11673(2) 11674(2) 11675(2) 11676(2) 11677(2) 11678(2) 11679(2) 11680(2) 11681(2) 11806(2) 11915(2) 12204(2) 12324(2) 13072(2) 13084(2) 13420(2) 13457(2) 13518(2) 13622(2) 13693(2) 13885(2) 14205(2) 14206(2) 14207(2) 14682(2) 14813(1) 15347(2) 15858(2)
2402;10;102;112;395(2) 875(2) 981(1) 1440(2) 1798(2) 1901(2) 2497(2) 2693(2) 2822(2) 2928(2) 3059(2) 3301(2) 3409(1) 4078(2) 4525(2) 4527(2) 4542(2) 4618(2) 4735(2) 4997(2) 5065(2) 5126(2) 5213(2) 5364(2) 5469(2) 5546(1) 6415(1) 6738(2) 6938(2) 6976(2) 7205(1) 7241(2) 7620(1) 7623(2) 7656(2) 7779(2) 7816(2) 7818(2) 7819(2) 7821(2) 7823(2) 7826(1) 7827(2) 7839(2) 8191(2) 8196(2) 8295(2) 8450(2) 8677(2) 8820(2) 8964(2) 9051(2) 9071(2) 9117(2) 9153(2) 9188(2) 9336(2) 9499(2) 9648(2) 9670(2) 9857(2) 9960(1) 9980(2) 10403(2) 10444(2) 10489(2) 10502(2) 10678(2) 10756(2) 11056(2) 11327(2) 11328(2) 11486(2) 11535(2) 11554(2) 11626(2) 11633(2) 11800(1) 11831(2) 11908(1) 12257(2) 12457(2) 12506(2) 12547(2) 12799(2) 13024(2) 13104(2) 13129(2) 13308(2) 13309(2) 13458(2) 13936(2) 14094(2) 14179(2) 14342(2) 14345(2) 14351(2) 14353(2) 14438(2) 14443(2) 14550(2) 14740(2) 14839(2) 14988(2) 15027(2) 15071(2) 15075(2) 15076(2) 15080(2) 15084(2) 15465(2) 15620(2)
2242;41;67;108;276(1) 368(2) 800(1) 866(2) 1136(2) 1227(1) 1254(1) 1711(2) 1854(2) 2033(2) 2116(2) 2278(2) 2350(2) 2935(1) 2978(2) 3021(2) 3174(2) 3307(1) 3430(1) 3572(2) 3708(1) 3759(2) 3760(2) 3762(2) 3763(2) 3789(2) 3907(2) 4089(2) 4119(1) 4318(1) 4321(2) 4356(2) 4560(2) 5137(1) 5437(1) 5575(1) 5660(2) 5960(2) 6019(2) 6179(2) 6238(2) 6312(2) 6344(2) 6629(2) 6696(2) 6702(2) 6767(2) 7247(1) 7343(2) 7344(2) 7523(1) 7655(1) 8092(1) 8223(2) 8374(1) 8540(1) 8737(2) 8841(1) 9216(2) 9368(2) 9492(2) 9959(2) 10009(2) 10333(2) 10346(1) 10485(2) 10505(2) 10621(2) 10759(1) 11003(1) 11190(2) 11283(2) 11434(1) 11623(1) 11636(2) 11640(1) 11887(1) 11930(2) 11970(2) 12165(1) 12486(1) 12839(2) 12870(1) 12883(1) 12999(2) 13132(1) 13141(2) 13142(2) 13367(1) 13377(2) 13508(1) 13541(1) 13632(1) 13705(2) 13914(2) 13943(1) 14054(1) 14242(2) 14335(1) 14601(2) 14645(2) 14847(1) 14939(2) 14940(2) 14941(2) 15613(2) 15673(2) 15864(1)
2212;26;81;107;119(2) 790(2) 833(2) 1173(1) 1393(2) 1595(2) 1713(2) 1767(2) 1872(2) 1916(2) 2035(2) 2112(1) 2122(2) 2247(2) 2279(1) 2567(2) 2584(2) 2921(2) 3082(2) 3101(2) 3226(1) 3708(2) 3929(1) 3936(2) 4064(1) 4102(2) 4135(2) 4318(1) 4534(2) 4862(2) 5140(2) 5458(2) 5699(2) 6240(2) 6480(2) 6679(2) 6776(2) 6842(2) 7000(1) 7134(1) 7260(2) 7277(1) 7639(2) 7655(1) 8448(1) 8532(1) 8537(2) 8540(2) 8702(2) 8810(2) 8867(2) 8917(2) 8942(2) 8996(2) 9297(1) 9722(2) 9874(2) 9888(2) 9912(1) 10131(2) 10194(2) 10210(2) 10240(2) 10346(2) 10370(2) 10535(2) 10668(2) 10820(2) 10972(2) 11400(2) 11443(1) 11479(2) 11916(2) 11991(2) 12013(2) 12014(2) 12347(1) 12363(2) 12646(2) 12837(1) 12883(1) 13434(2) 13469(2) 13481(1) 13514(1) 13541(2) 13798(1) 13851(2) 13896(2) 13943(2) 13951(2) 14008(2) 14195(2) 14331(2) 14335(2) 14537(2) 14611(2) 14673(2) 14739(2) 14895(2) 14921(2) 14960(2) 14978(2) 15365(1) 15518(1) 15692(1) 15885(1)
592;5;98;103;544(2) 970(2) 1078(2) 1306(2) 1327(2) 1342(2) 1346(2) 1370(2) 1406(2) 1425(2) 1433(2) 1436(2) 2284(2) 2416(2) 2468(2) 2594(1) 3206(2) 3296(2) 3370(2) 3552(2) 3709(2) 3903(2) 4001(2) 4077(2) 4284(2) 4360(2) 4382(2) 4412(2) 4514(2) 4533(2) 4636(2) 4768(2) 5063(2) 5194(2) 5237(2) 5530(2) 5576(2) 5602(1) 5916(2) 6094(2) 6572(2) 6588(2) 6680(2) 6887(2) 6946(2) 7001(2) 7415(2) 8017(2) 8081(2) 8095(2) 8137(2) 8466(2) 8525(2) 8634(2) 8738(1) 8927(2) 8968(2) 9056(2) 9069(2) 9075(2) 9174(2) 9333(2) 10070(2) 10072(2) 10093(2) 10130(2) 10341(2) 10611(2) 10613(2) 10614(2) 10790(2) 10844(2) 10849(2) 11534(2) 11650(2) 11766(2) 11811(2) 12161(2) 12321(2) 12409(2) 12458(2) 12600(2) 12745(2) 12947(2) 13145(2) 13343(2) 13549(2) 13956(2) 14078(2) 14178(2) 14185(2) 14223(1) 14413(1) 14448(2) 14519(2) 14677(2) 15207(2) 15295(2) 15520(2) 15813(2) 15815(2) 15979(2) 16032(2)
457;2;95;97;97(2) 111(2) 193(2) 207(2) 212(2) 229(2) 274(2) 387(2) 450(2) 511(2) 902(2) 1169(2) 1217(2) 1233(2) 1710(2) 1764(2) 1836(2) 1871(2) 1887(2) 1889(2) 1891(2) 1892(2) 1893(2) 1984(2) 2023(2) 2338(2) 2340(2) 2361(2) 2395(2) 2446(2) 2503(2) 2732(2) 3103(2) 3154(1) 3226(2) 3262(2) 3349(2) 3389(2) 3487(2) 3539(2) 3813(2) 3847(2) 4073(2) 4108(2) 4571(2) 4664(2) 4736(2) 4741(2) 5053(2) 5081(2) 5822(2) 6023(2) 6087(2) 6381(2) 6614(2) 6650(2) 6716(2) 6833(2) 6987(2) 7650(1) 7676(2) 8276(2) 8279(2) 8287(2) 8682(2) 8979(2) 9039(2) 9293(2) 9955(2) 10060(2) 10267(2) 10477(2) 10484(2) 10487(2) 10491(2) 10492(2) 10494(2) 10589(2) 10826(2) 11388(2) 11391(2) 11393(2) 11540(2) 11615(2) 11743(2) 12308(2) 13307(2) 14749(2) 14984(2) 15063(2) 15356(2) 15357(2) 15473(2) 15747(2) 15770(2) 15867(2) 15889(2)
2978;23;70;93;736(1) 928(1) 963(2) 983(2) 1482(2) 1553(1) 1653(2) 1927(2) 2265(1) 2300(1) 2743(1) 2745(2) 2758(2) 2760(2) 2794(1) 2809(2) 2861(2) 2992(2) 3328(1) 3673(2) 4407(2) 4672(2) 4726(2) 4969(2) 5494(2) 5546(1) 5737(2) 6113(2) 6438(2) 6449(2) 6452(2) 6587(2) 6708(1) 7145(2) 7507(1) 7616(1) 7782(2) 7950(2) 8082(2) 8277(2) 8481(2) 8556(2) 8588(2) 8790(2) 8943(2) 9125(2) 9212(1) 9269(2) 9290(1) 9422(2) 9469(2) 9480(2) 9542(2) 9672(2) 9709(2) 10079(2) 10134(2) 10732(2) 10766(2) 11049(1) 11133(1) 11135(1) 11136(2) 11140(1) 11151(2) 11177(2) 11193(2) 11196(2) 11212(2) 11241(2) 11649(2) 11662(2) 11828(2) 11949(2) 11955(2) 12262(2) 12273(2) 12301(2) 12523(1) 13127(2) 13144(2) 13341(1) 13935(2) 13964(1) 14226(2) 14326(2) 15013(2) 15034(2) 15586(1) 15603(2) 15824(1) 15971(2) 16013(2)
18;7;86;93;294(2) 689(2) 691(2) 699(2) 705(2) 2634(2) 2751(2) 3345(2) 4161(2) 4578(2) 4968(2) 5656(2) 6613(2) 7105(2) 7271(2) 7607(2) 7749(1) 7842(2) 7899(2) 8186(2) 9070(2) 9074(1) 9166(2) 9281(2) 9319(2) 9394(1) 9612(2) 9831(2) 9941(2) 10097(2) 10105(2) 10141(2) 10205(2) 10634(2) 10673(2) 10685(2) 10763(2) 10882(2) 10948(2) 11085(2) 11129(2) 11277(2) 11293(2) 11316(1) 11348(2) 11370(2) 11495(2) 11502(2) 11553(2) 11643(2) 11774(2) 11830(2) 12054(2) 12061(2) 12162(2) 12274(2) 12438(2) 12597(2) 13211(2) 13256(2) 13436(2) 13519(1) 13524(1) 13581(2) 14082(2) 14143(2) 14182(2) 14193(2) 14237(2) 14239(2) 14264(2) 14298(2) 14679(2) 14680(2) 14727(2) 14770(2) 14990(2) 15129(2) 15151(2) 15152(2) 15156(2) 15227(2) 15228(2) 15263(2) 15306(1) 15366(2) 15445(2) 15474(2) 15490(2) 15539(2) 15655(2) 15732(2) 15831(2)
757;17;73;90;791(2) 1720(2) 2787(2) 3019(2) 3020(2) 3080(2) 3123(2) 3163(1) 3243(1) 3773(2) 3803(2) 4207(2) 4243(2) 4607(2) 4611(2) 4930(2) 5165(2) 5288(2) 5377(2) 5507(2) 5531(2) 5534(2) 5771(2) 5993(2) 6017(2) 6040(2) 6082(2) 6417(2) 6461(2) 6620(2) 6622(2) 6732(1) 6895(2) 6950(2) 7087(2) 7096(2) 7172(2) 7181(2) 7251(2) 7353(2) 7359(2) 7550(2) 7652(2) 8271(2) 8305(2) 8306(2) 8308(2) 8309(2) 8445(1) 8624(2) 8845(2) 9325(2) 9783(2) 9993(2) 10289(2) 10372(2) 10524(2) 10962(2) 10990(2) 11314(1) 11406(1) 11422(1) 11527(1) 11541(1) 11605(1) 11613(1) 11844(2) 12489(2) 12595(1) 12744(2) 12886(1) 13263(2) 13289(2) 13303(1) 13698(2) 13813(2) 13858(2) 13880(2) 13912(2) 13933(2) 14002(2) 14281(1) 14282(2) 14951(2) 15002(1) 15385(2) 15489(2) 15495(2) 15497(2) 15636(1)
3731;23;66;89;351(2) 374(2) 530(2) 800(1) 1076(1) 1180(2) 1233(1) 1743(2) 1851(2) 1999(1) 2025(2) 2219(1) 2224(2) 2348(2) 2479(2) 2539(2) 2726(2) 2965(2) 3304(2) 3424(2) 3783(2) 3793(2) 4175(2) 4208(2) 4281(2) 4318(1) 4581(2) 4811(2) 4864(2) 4905(2) 5179(1) 5330(2) 5451(2) 5541(2) 5601(2) 5709(2) 5773(2) 5969(1) 6088(2) 6218(1) 6432(1) 6605(2) 6649(1) 6926(2) 6964(2) 7014(2) 7682(2) 7805(2) 7903(2) 8100(2) 8170(2) 8940(2) 9477(2) 9610(1) 9680(2) 9689(2) 9716(2) 9791(2) 9989(1) 10111(1) 10212(1) 10490(2) 10570(2) 11223(2) 11303(2) 11623(1) 12011(2) 12064(2) 12124(2) 12195(2) 12215(2) 12254(2) 12269(2) 12605(2) 12682(1) 13081(2) 13132(1) 13300(1) 13393(1) 13500(2) 13508(1) 13631(1) 14860(1) 15348(2) 15354(2) 15442(2) 15877(2) 15884(2) 15888(2)
15182;29;59;88;444(1) 859(2) 865(2) 1015(2) 1625(2) 1683(1) 1812(1) 2012(1) 2071(1) 2091(2) 2180(1) 2450(2) 2918(2) 3048(2) 3396(1) 3493(1) 3638(2) 3782(2) 4111(1) 4150(2) 4409(1) 4750(2) 5115(2) 5138(2) 5303(2) 5381(1) 5812(1) 6453(2) 6512(2) 6555(2) 6919(1) 6973(1) 7125(2) 7584(2) 7842(1) 8018(2) 8059(2) 8060(2) 8411(1) 8550(2) 8892(2) 9318(2) 9481(1) 9613(2) 9749(2) 9782(2) 9987(2) 9989(1) 10107(1) 10396(2) 10428(2) 10553(1) 11296(2) 11480(2) 11875(2) 11877(2) 11879(2) 12041(1) 12142(2) 12283(2) 12449(2) 13067(2) 13132(1) 13143(1) 13249(2) 13296(2) 13383(2) 13413(1) 13449(2) 13509(2) 13593(2) 13723(2) 13877(2) 14652(1) 14948(2) 15137(1) 15237(2) 15241(2) 15329(2) 15488(1) 15496(2) 15562(2) 15569(2) 15605(2) 15701(1) 15708(1) 15805(2) 15887(2)
8282;24;64;88;532(2) 926(1) 1826(2) 1841(2) 1856(2) 1899(2) 2027(2) 2347(2) 2656(2) 2727(2) 2852(2) 3008(2) 3025(2) 3196(2) 3516(1) 3580(2) 3640(2) 3747(1) 4183(1) 4283(2) 4350(1) 4468(2) 4633(2) 5069(2) 5161(2) 5373(2) 5451(1) 5474(2) 5615(2) 5755(2) 5941(1) 5944(2) 6027(1) 6148(2) 6311(2) 6482(2) 6504(2) 6519(2) 6527(2) 6560(1) 6752(2) 6975(2) 7133(1) 7714(2) 8040(2) 8171(1) 8188(1) 8260(2) 8578(2) 8897(1) 9180(2) 9372(2) 9484(2) 10348(2) 10649(2) 11051(2) 11062(2) 11162(2) 11368(2) 11412(2) 11781(2) 12012(1) 12041(1) 12075(1) 12281(2) 12692(2) 12713(1) 12849(1) 12945(2) 13022(2) 13047(2) 13296(1) 13318(1) 13346(2) 13583(2) 13699(1) 13754(2) 13909(2) 14390(2) 14540(1) 14813(1) 14852(2) 15057(1) 15280(2) 15375(2) 15761(2) 15886(2) 15909(2)
739;26;59;85;142(2) 1466(2) 1503(2) 1509(1) 1517(2) 1572(2) 2070(1) 2435(2) 2667(2) 2770(2) 3016(2) 3044(2) 3163(1) 3164(2) 3632(2) 3710(2) 3725(1) 3856(2) 4032(2) 4053(2) 4448(2) 4450(2) 4481(1) 4993(1) 5062(2) 5109(2) 5112(1) 5147(1) 5371(1) 5446(1) 5463(2) 5464(1) 5706(2) 5918(2) 6212(2) 6279(2) 6932(2) 7410(1) 7599(1) 7665(1) 8177(1) 8183(2) 8240(2) 8380(1) 8491(2) 8915(2) 9119(2) 9308(2) 10202(2) 10881(2) 11314(1) 11422(1) 11795(1) 11945(2) 12361(2) 12404(2) 12476(1) 12672(2) 12688(2) 12882(1) 12886(1) 13036(1) 13099(2) 13160(2) 13231(2) 13675(2) 13694(2) 13922(2) 14049(2) 14061(2) 14074(2) 14533(2) 14535(2) 14617(2) 15002(1) 15135(2) 15139(2) 15166(2) 15235(2) 15244(2) 15246(2) 15516(2) 15636(1) 15893(2) 15999(1)
581;3;82;85;132(2) 181(2) 262(2) 345(2) 655(2) 684(1) 1036(2) 1205(2) 1314(2) 1441(2) 1445(2) 1591(2) 1988(2) 2143(2) 2261(2) 2442(2) 2615(2) 3311(2) 3769(2) 3841(2) 3842(2) 3921(2) 3944(2) 4091(2) 4193(2) 5250(2) 5554(2) 5560(2) 5671(2) 5703(2) 5887(2) 5908(2) 5942(2) 6001(2) 6022(2) 6035(2) 6190(2) 6283(2) 6286(1) 6287(2) 6465(2) 6601(2) 6605(1) 6736(2) 6980(2) 7253(2) 7265(2) 7266(2) 7752(2) 7772(2) 8304(2) 8622(2) 8752(2) 8894(2) 9024(2) 9191(2) 9313(2) 9323(2) 9885(2) 10040(2) 10045(2) 10139(2) 10171(2) 10373(2) 10374(2) 10738(2) 10837(2) 11143(2) 11363(2) 11538(2) 12015(2) 12114(2) 12428(2) 12758(2) 13819(2) 14189(2) 14234(2) 14305(2) 14659(2) 14697(2) 14946(2) 15229(2) 15334(2) 15493(2) 15523(2)
20427;36;48;84;32(2) 164(2) 308(2) 485(2) 554(2) 620(2) 800(1) 866(1) 915(2) 939(2) 1272(2) 1931(1) 2502(2) 2637(1) 2691(2) 2935(1) 3307(1) 3321(1) 3332(2) 3378(1) 3708(1) 3937(2) 4057(2) 4318(1) 4408(2) 4951(2) 4961(2) 5186(2) 5301(2) 5723(2) 5808(2) 5969(1) 6009(2) 6422(1) 6649(2) 6835(2) 6912(1) 7523(1) 7708(2) 7725(1) 7902(2) 7949(2) 8107(2) 8239(2) 8355(2) 8628(1) 9130(2) 9511(2) 9650(1) 9853(2) 9990(1) 10575(2) 10630(2) 10773(2) 10933(1) 11075(2) 11420(2) 11425(2) 11526(2) 11623(1) 11640(2) 11930(1) 12307(1) 12382(2) 12870(1) 12877(1) 12883(1) 13132(1) 13400(1) 13508(1) 13897(1) 14016(1) 14375(2) 14602(2) 14896(1) 15083(2) 15111(1) 15272(1) 15395(2) 15544(2) 15656(1) 15719(1) 15739(2) 15864(1)
4593;37;47;84;278(2) 475(2) 768(2) 800(1) 844(1) 922(2) 1254(2) 1369(1) 1400(1) 1621(1) 1844(2) 1999(1) 2384(2) 2436(2) 2484(2) 2621(1) 2716(2) 2793(1) 3326(2) 3514(2) 3708(1) 3835(1) 3960(2) 3991(2) 4318(1) 4323(2) 4469(2) 4764(2) 5346(1) 5347(2) 6714(2) 6924(2) 6934(1) 6981(2) 7243(2) 7655(1) 7777(1) 7969(2) 8204(2) 8448(1) 8652(2) 9447(1) 9990(1) 10004(1) 10111(1) 10823(2) 10933(1) 10959(2) 11332(2) 11392(1) 11425(1) 11454(2) 11623(1) 11939(2) 12346(2) 12870(1) 12877(1) 12883(1) 13132(1) 13157(2) 13367(1) 13393(1) 13472(2) 13508(1) 13708(2) 13897(1) 14093(2) 14219(2) 14360(1) 14577(2) 14600(2) 14605(2) 14631(2) 14791(1) 14974(2) 15028(2) 15226(2) 15252(1) 15254(2) 15293(1) 15409(2) 15553(2) 15784(2) 15864(1)
207;6;76;82;168(2) 198(2) 259(2) 348(2) 367(2) 722(2) 771(2) 777(2) 860(2) 1323(2) 1330(2) 1336(2) 1978(2) 1980(2) 2184(2) 2268(2) 2501(2) 2725(2) 2925(2) 3573(1) 3797(2) 3839(2) 3864(1) 3866(2) 3895(2) 4038(2) 4134(2) 4192(2) 4261(2) 4264(2) 4278(2) 4280(2) 4310(2) 4315(2) 4347(2) 4348(2) 4350(2) 4426(2) 4597(2) 4654(2) 4753(2) 5196(2) 5234(2) 5309(2) 5327(2) 5454(2) 5589(2) 5633(2) 5663(1) 5724(2) 5750(1) 5938(2) 5985(2) 6731(2) 6979(2) 6989(2) 7022(2) 7268(2) 7289(2) 7302(2) 7447(2) 7547(2) 7673(2) 8121(2) 8122(2) 8171(2) 8681(2) 9045(2) 9046(1) 10257(2) 10755(2) 12265(2) 12606(2) 13170(2) 13220(2) 14197(2) 14198(2) 14249(2) 14390(1) 15778(2) 15870(2) 15882(2)
3727;20;62;82;199(1) 216(2) 290(2) 319(2) 320(1) 325(1) 355(1) 487(2) 954(2) 1167(2) 1304(2) 1579(2) 1773(2) 2183(2) 2189(2) 2193(2) 2979(2) 2996(2) 3353(2) 4068(2) 4465(2) 4615(2) 4817(2) 4853(2) 4894(2) 5044(2) 5179(1) 5190(1) 5245(2) 5608(2) 5792(2) 6096(2) 6306(2) 6470(1) 7731(2) 7983(2) 8224(2) 8226(2) 8281(1) 8283(2) 8402(1) 8430(2) 8479(2) 8613(1) 8703(1) 8712(2) 8713(2) 8744(2) 8774(1) 9271(2) 9357(2) 9387(2) 9406(1) 9411(2) 9414(1) 9415(2) 9592(2) 9706(2) 10907(2) 11337(1) 11339(2) 11389(1) 12706(2) 12769(2) 12847(1) 12878(2) 13056(2) 13620(2) 13660(1) 13821(2) 13836(2) 13969(1) 14166(2) 14398(2) 14449(1) 15427(2) 15783(2) 15785(2) 15802(2) 15897(2) 15919(2) 15996(2)
37080;25;55;80;157(2) 912(2) 921(2) 992(1) 1222(2) 1483(2) 1502(1) 1600(2) 1619(2) 1874(1) 1996(2) 2027(1) 2084(1) 2180(1) 2191(2) 2227(2) 2241(2) 2271(2) 2516(2) 2658(2) 2663(2) 2727(1) 2995(2) 3152(2) 3767(2) 3925(1) 4302(2) 4352(2) 4532(1) 4932(2) 5130(2) 5451(1) 5597(1) 5755(1) 5842(2) 6230(2) 6522(1) 6651(2) 6689(2) 6766(2) 7225(1) 7760(2) 7837(2) 7889(2) 8057(2) 8070(1) 8294(2) 8551(2) 8953(2) 9184(2) 9369(1) 9723(2) 9892(2) 9896(2) 10733(1) 11158(1) 11198(2) 11252(2) 11262(2) 11688(2) 12218(1) 12243(2) 12258(1) 12288(2) 12386(2) 12447(2) 13285(2) 13301(2) 14468(2) 14480(2) 14581(2) 14867(2) 14931(2) 14953(1) 15056(2) 15200(1) 15375(1) 15526(1) 15742(2) 15909(1)
4265;29;51;80;632(2) 887(2) 1543(2) 1647(2) 1812(1) 2012(1) 2267(2) 2736(2) 2738(2) 3032(1) 3074(2) 3443(2) 3641(2) 3687(2) 4318(1) 5026(2) 6290(2) 6477(2) 6593(2) 6955(2) 7657(2) 8326(2) 8340(1) 8671(2) 9285(2) 9447(2) 9664(2) 9834(2) 9949(1) 9973(2) 9989(1) 10111(1) 10179(1) 10193(2) 10488(2) 10648(2) 10778(1) 10851(2) 11109(2) 11402(1) 11464(2) 11489(2) 11551(2) 11989(1) 12135(2) 12242(2) 12249(1) 12426(2) 12738(1) 12741(1) 13002(2) 13132(1) 13166(2) 13345(2) 13353(1) 13369(2) 13379(1) 13400(2) 13413(1) 13568(2) 13605(1) 13993(2) 14361(1) 14783(2) 14802(1) 14920(2) 14962(2) 14963(1) 15048(2) 15113(2) 15118(1) 15120(2) 15214(1) 15241(1) 15320(1) 15360(1) 15368(2) 15582(2) 15708(1) 15720(2)
107;6;73;79;1172(2) 3128(2) 3569(2) 3878(2) 4158(2) 4451(2) 4569(2) 4668(2) 4914(2) 5209(2) 5412(2) 5507(1) 5882(2) 5912(2) 6285(2) 6622(1) 7124(2) 7336(2) 7339(2) 7341(2) 7351(2) 7355(2) 7364(2) 7365(2) 8064(2) 8103(2) 8146(2) 8165(2) 8202(2) 8857(2) 8991(2) 9909(2) 10264(2) 10291(2) 10300(2) 10301(2) 10349(2) 11063(1) 11115(2) 11116(2) 11122(1) 11408(2) 11410(2) 11415(2) 11524(2) 11591(2) 11605(2) 12261(2) 12563(2) 12695(2) 12759(2) 12882(1) 12899(2) 12939(2) 13021(2) 13074(2) 13350(2) 13489(2) 13930(2) 14084(2) 14446(2) 14459(2) 14683(2) 14710(2) 14711(2) 14762(2) 14764(2) 14789(2) 14808(2) 14824(2) 14825(2) 15147(2) 15253(2) 15323(2) 15327(2) 15343(2) 15590(2) 15636(1) 15846(2)
8364;29;50;79;176(2) 761(1) 809(2) 879(2) 1173(2) 1652(2) 1845(1) 1872(1) 2112(2) 2290(2) 2824(1) 3518(1) 3690(2) 3871(2) 3949(1) 4064(2) 4114(2) 4165(1) 4374(2) 5253(1) 5692(1) 6048(2) 6053(1) 6375(2) 6589(1) 6592(2) 6656(1) 6745(2) 7163(2) 7209(2) 7234(1) 7533(1) 7639(1) 8269(2) 8532(1) 8533(2) 8822(2) 8917(1) 9203(2) 9257(2) 9284(2) 9297(1) 9459(2) 10346(1) 10464(1) 10770(2) 10820(1) 11507(2) 11542(2) 11817(1) 11927(2) 11976(2) 12087(2) 12238(2) 12347(1) 12883(1) 12918(2) 13203(2) 13319(2) 13358(2) 13514(2) 13616(2) 13633(2) 13798(2) 13907(2) 13951(1) 14611(1) 14672(2) 15121(2) 15365(1) 15483(1) 15682(2) 15691(2) 15692(2) 15693(2) 15694(2) 15757(2) 15837(1) 15885(2)
1302;15;63;78;90(1) 189(2) 389(2) 598(2) 823(1) 1037(2) 1291(2) 1569(2) 1672(2) 1683(2) 2040(2) 2092(2) 2259(1) 2433(2) 3162(1) 3405(2) 3412(2) 3493(1) 3635(1) 3642(2) 3758(2) 3766(2) 3893(2) 3934(2) 4172(2) 4414(1) 4546(2) 4701(2) 5110(2) 5382(2) 5787(2) 5793(2) 6042(2) 6256(1) 6321(2) 6322(1) 6368(1) 6472(2) 6490(2) 6763(2) 6772(2) 6882(2) 6973(2) 7011(2) 7185(2) 7203(2) 7204(2) 7629(2) 7922(2) 8020(1) 8022(2) 8198(2) 8383(2) 8436(2) 8444(2) 8786(2) 9032(2) 9272(2) 9945(2) 10109(2) 10184(2) 10526(2) 10938(2) 11350(2) 12181(2) 12327(1) 13202(2) 13388(2) 13565(2) 14015(2) 14410(2) 14653(1) 15157(2) 15239(2) 15268(1) 15322(2) 15638(2) 15859(1)
4706;10;67;77;62(2) 817(2) 856(2) 861(2) 1512(2) 1656(2) 2103(2) 2162(2) 2547(2) 2775(2) 2790(1) 3402(2) 3413(2) 3494(2) 3704(2) 3774(2) 4442(2) 5084(2) 5166(1) 5188(2) 5232(1) 5240(2) 5264(2) 5267(2) 5269(2) 5277(2) 5278(1) 5281(2) 5284(2) 5566(2) 6547(2) 6910(2) 7446(2) 7579(2) 7662(1) 8012(2) 8221(2) 8330(2) 8670(2) 9482(2) 9488(2) 9584(2) 9619(2) 9693(2) 9895(2) 9931(1) 9974(2) 10434(2) 11221(2) 11478(2) 11485(2) 11648(2) 11862(2) 11864(2) 12393(2) 12398(1) 12436(2) 12686(1) 12693(2) 12916(2) 12932(2) 12963(2) 12965(2) 12966(2) 12985(2) 12986(2) 12991(2) 13006(2) 13134(1) 13205(2) 13360(2) 13438(2) 14823(2) 15175(2) 15424(2) 15462(1) 15706(2)
2570;37;40;77;219(2) 227(2) 274(1) 745(2) 824(2) 857(2) 1233(1) 1467(1) 1578(2) 2024(2) 3086(2) 3138(1) 3182(2) 3226(1) 3422(1) 3540(2) 3605(2) 4024(2) 4073(1) 4338(2) 4587(1) 4885(1) 5342(1) 5929(2) 5933(2) 6470(1) 7313(2) 7342(2) 7465(2) 7655(1) 8249(1) 8291(1) 8345(2) 8448(1) 8613(1) 8656(1) 8774(1) 8909(2) 9007(2) 10060(1) 10243(2) 10267(1) 10346(1) 10530(2) 10682(2) 10941(2) 10953(1) 11044(1) 11104(1) 11168(1) 11283(1) 11285(2) 11443(2) 11583(1) 11848(2) 11885(1) 12066(1) 12732(2) 12810(2) 12870(1) 12883(1) 13092(2) 13179(1) 13310(1) 13508(1) 13617(2) 13695(2) 13696(2) 13857(2) 13951(1) 14314(2) 14510(2) 14566(2) 14722(1) 14777(2) 15177(2) 15573(1)
3078;21;54;75;613(2) 641(2) 774(2) 799(1) 981(2) 1056(1) 1464(2) 1471(2) 1754(2) 1861(2) 2467(2) 2928(1) 3500(2) 3554(2) 3927(2) 3928(2) 4300(1) 5528(1) 5546(1) 6150(2) 6192(2) 6193(2) 6217(2) 6937(2) 6938(1) 6974(2) 7016(2) 7028(2) 7255(1) 7382(2) 7466(2) 7620(2) 7635(2) 7656(1) 7826(2) 7988(1) 8085(2) 8144(2) 8156(2) 8207(2) 8516(2) 9028(2) 9164(1) 9448(2) 9577(1) 9811(2) 9837(2) 9857(1) 9866(2) 9936(2) 9986(1) 10153(1) 11070(1) 11172(2) 11394(2) 11800(2) 11908(1) 12413(1) 12508(2) 12912(2) 13055(2) 13594(2) 13757(2) 13760(2) 13778(2) 13991(2) 14293(2) 14342(1) 14353(1) 14539(2) 14736(2) 14778(2) 15072(2) 15181(1) 16012(2)
3505;37;38;75;103(1) 801(1) 804(1) 807(2) 1045(2) 1091(2) 1161(2) 1626(2) 1686(1) 2345(2) 2373(1) 2483(1) 2679(2) 2805(2) 2806(2) 2832(2) 3090(1) 3251(2) 3276(1) 3330(2) 3354(2) 3369(2) 3956(1) 4035(1) 4065(2) 4110(1) 4131(1) 4731(2) 4749(2) 5404(2) 5684(1) 6168(1) 6708(1) 6761(2) 7106(1) 7261(2) 7270(2) 7298(2) 7615(2) 7665(1) 7795(2) 7956(1) 8090(2) 8536(1) 8564(1) 8565(2) 8601(2) 8684(2) 8983(2) 9085(1) 9586(2) 10031(1) 10640(2) 10808(2) 10828(2) 10894(2) 11049(1) 11240(2) 11376(1) 11487(1) 11928(1) 12101(1) 12102(1) 12951(1) 13018(1) 13079(1) 13382(1) 13725(1) 14932(2) 15052(1) 15123(1) 15352(2) 15540(1) 15995(1) 16048(2)
3234;9;64;73;186(2) 335(2) 592(2) 1322(2) 1468(2) 1976(2) 2154(2) 2180(1) 2297(2) 2374(2) 2568(1) 2700(2) 2717(2) 2718(2) 3153(2) 3159(2) 3207(2) 3223(2) 3224(2) 3511(2) 3563(2) 4462(2) 4751(2) 4786(2) 4938(2) 4977(2) 5500(2) 5603(2) 5780(2) 5897(1) 5939(1) 7311(2) 7523(1) 7524(2) 7538(2) 7539(2) 7540(2) 7545(2) 7548(2) 7984(2) 8253(2) 8590(2) 8699(2) 8854(1) 8856(2) 8861(2) 8885(2) 9561(2) 9724(2) 10212(1) 10532(2) 10641(2) 10779(2) 10787(1) 11098(2) 11203(2) 11224(2) 11264(2) 11265(2) 11566(2) 12260(2) 12611(2) 12749(2) 13212(2) 13217(2) 13628(2) 13825(2) 13901(2) 14096(1) 14427(2) 14853(2) 14854(2) 15410(2)
2368;18;55;73;130(2) 470(2) 486(2) 604(2) 1196(2) 1671(1) 1693(2) 1749(2) 2767(2) 3095(2) 3202(2) 3596(2) 4752(1) 5556(2) 5925(1) 6016(1) 6345(2) 6415(1) 6429(2) 6779(2) 6913(1) 7389(2) 7614(2) 7634(2) 7804(2) 7933(2) 8009(2) 8220(2) 8419(2) 8545(2) 8644(2) 8911(2) 8950(2) 8990(2) 8995(2) 9341(2) 9405(2) 9418(2) 9504(2) 9505(2) 9752(2) 9864(2) 9977(2) 9979(2) 9980(1) 10833(2) 10951(2) 11216(2) 11290(2) 11761(1) 11765(2) 12399(1) 12469(2) 12539(1) 12612(2) 12739(1) 12804(1) 12823(2) 13361(2) 13386(1) 13843(1) 13937(2) 13938(2) 14908(1) 14910(2) 15005(1) 15023(1) 15082(2) 15102(2) 15422(2) 15653(2) 15671(1) 15702(2)
992;32;40;72;80(2) 81(1) 115(1) 167(2) 463(2) 584(2) 801(2) 1554(2) 1686(2) 1875(1) 1944(2) 2070(1) 2156(2) 2483(1) 2983(1) 3193(2) 3258(2) 3447(2) 3603(2) 3755(2) 3950(2) 4016(2) 4035(1) 4121(2) 4516(2) 4522(1) 4993(1) 5776(2) 6211(1) 6224(2) 7044(2) 7467(2) 7567(1) 7665(1) 7685(2) 7766(2) 7773(2) 7847(1) 8195(2) 8609(2) 9038(1) 9099(2) 9346(1) 9591(2) 9769(2) 9828(2) 10083(1) 10122(1) 10633(1) 10725(2) 11016(1) 11314(1) 11376(1) 11766(1) 11908(1) 12101(2) 12111(2) 12422(2) 12886(1) 12935(1) 13226(2) 14359(1) 14391(1) 14526(2) 14609(1) 14612(2) 14766(2) 14863(1) 15123(1) 15400(1) 15478(2) 16048(1)
17;6;66;72;188(2) 222(2) 474(2) 1163(2) 1673(2) 1864(2) 1921(2) 2015(2) 2362(2) 2496(2) 2705(2) 2811(2) 3157(2) 3544(2) 3931(2) 4215(2) 4216(2) 4217(2) 4218(2) 4221(2) 4589(1) 4631(2) 4684(2) 4954(2) 5173(2) 5863(2) 5867(2) 5868(2) 5869(2) 5871(2) 5906(2) 6354(2) 6597(2) 6832(2) 6893(2) 6959(2) 6995(2) 6996(2) 7108(1) 7142(2) 7286(2) 7665(2) 7742(2) 8566(2) 8882(2) 9011(2) 9040(2) 9195(2) 9367(2) 9487(1) 9754(2) 9787(2) 9994(2) 11049(2) 11069(2) 11314(1) 11702(2) 11841(2) 11842(1) 12179(2) 12236(1) 12248(2) 12562(2) 12827(2) 12880(2) 12951(2) 12956(2) 13435(2) 14071(2) 15230(2) 15849(2) 15983(2)
5602;23;48;71;17(2) 215(2) 257(2) 1168(2) 1541(2) 1604(1) 2365(2) 2367(2) 2554(1) 2906(2) 3388(2) 3626(2) 4575(1) 5208(2) 5777(2) 5837(1) 5961(1) 6229(2) 6308(2) 6398(2) 6765(2) 7076(2) 7322(2) 7510(1) 7514(1) 7519(2) 7971(2) 8246(2) 8248(2) 8268(1) 8946(2) 9127(2) 9266(1) 9268(1) 9409(2) 9465(2) 9503(2) 9871(2) 10584(2) 10627(2) 10829(2) 10830(2) 11049(1) 11377(2) 11520(2) 11570(2) 11596(2) 11908(1) 11922(1) 12365(2) 12588(1) 13110(1) 13271(2) 13580(1) 13756(2) 13965(2) 13985(1) 14154(1) 14184(1) 14355(1) 14433(1) 14634(2) 14702(2) 14818(2) 14827(2) 14831(1) 14833(2) 15087(2) 15305(2) 15914(1) 15938(2)
3597;21;46;67;617(1) 813(2) 937(2) 965(2) 1063(2) 1067(2) 1103(1) 1125(2) 1142(2) 1232(2) 1398(2) 1476(2) 1915(2) 2232(2) 2753(2) 3455(1) 3718(1) 3791(2) 3879(2) 4027(2) 4166(1) 4608(2) 4638(2) 4957(2) 5399(2) 5440(2) 5726(2) 6059(1) 6349(1) 6385(2) 6478(2) 6829(1) 6834(1) 6949(2) 7193(2) 7857(1) 8454(1) 8664(1) 8698(2) 8846(1) 8962(1) 9110(1) 9170(1) 9181(2) 9342(2) 9915(2) 9920(2) 9942(2) 10188(2) 10676(1) 11986(2) 12151(2) 12471(2) 12892(2) 13272(2) 13385(2) 13770(2) 13852(2) 13862(1) 14075(1) 14111(1) 14113(1) 14599(2) 15187(2) 15990(2) 16000(2) 16033(2)
9497;32;35;67;800(1) 911(2) 1151(1) 1239(2) 1361(2) 1400(1) 1621(2) 1761(2) 1879(1) 2188(2) 3307(1) 3430(1) 3568(2) 3657(2) 3708(1) 4113(2) 4318(1) 4811(1) 4855(2) 5090(2) 5137(1) 5342(2) 5768(2) 5786(2) 6272(2) 6470(1) 6673(2) 7316(2) 7515(2) 7562(2) 7655(1) 8448(1) 8468(2) 9083(2) 9990(1) 10060(1) 10111(1) 10118(2) 10509(2) 10933(1) 11024(2) 11044(1) 11302(2) 11449(2) 11470(1) 11623(1) 11887(1) 12066(1) 12561(1) 12870(1) 12883(1) 13016(2) 13132(1) 13173(2) 13262(2) 13508(1) 13716(1) 14219(1) 14445(2) 14587(2) 14860(1) 15111(2) 15249(2) 15361(2) 15379(2) 15656(1) 15784(1)
3740;18;49;67;209(2) 522(2) 565(2) 622(2) 1223(2) 1238(2) 1293(2) 1455(1) 1791(2) 1868(2) 1900(2) 1961(2) 2095(2) 2196(2) 2649(2) 2931(1) 3430(2) 3463(2) 4294(2) 4544(2) 4783(2) 4972(2) 5016(1) 5124(2) 5419(2) 5508(1) 6720(2) 6839(2) 7245(2) 7522(1) 7655(1) 7775(2) 7778(2) 7879(2) 7998(2) 8042(2) 8098(2) 8704(2) 9344(2) 9394(2) 9570(2) 9943(2) 10049(1) 10181(1) 10340(1) 11612(2) 11751(2) 11799(2) 12330(2) 12342(1) 12836(2) 12934(2) 13007(2) 13508(1) 13579(1) 13590(2) 13686(1) 14253(2) 14275(1) 14320(2) 14667(1) 14668(2) 15109(2) 15112(1) 15266(1) 15292(1) 15306(2)
4581;0;67;67;40(2) 845(2) 1023(2) 1115(2) 1141(2) 1318(2) 1465(2) 1689(2) 1793(2) 1800(2) 1842(2) 2017(2) 2354(2) 2425(2) 2474(2) 2550(2) 2611(2) 2777(2) 3954(2) 4870(2) 4883(2) 5705(2) 5928(2) 6524(2) 6869(2) 7459(2) 8200(2) 8391(2) 8501(2) 8683(2) 8973(2) 9395(2) 9732(2) 9795(2) 9800(2) 9912(2) 9927(2) 10454(2) 10873(2) 10876(2) 10914(2) 11046(2) 11052(2) 11113(2) 11242(2) 11532(2) 11749(2) 11859(2) 11952(2) 11994(2) 12026(2) 13230(2) 13412(2) 13475(2) 13552(2) 13724(2) 13732(2) 14291(2) 14481(2) 14829(2) 15331(2) 15419(2) 15444(2) 15518(2) 15611(2) 15614(2) 15667(2)
12991;18;48;66;1(2) 5(2) 16(2) 18(2) 19(2) 20(2) 26(2) 27(1) 28(2) 29(2) 33(2) 36(2) 41(2) 43(2) 44(1) 47(2) 48(2) 49(2) 50(1) 52(2) 53(2) 54(2) 55(2) 57(2) 59(2) 60(2) 64(2) 65(2) 66(2) 68(1) 70(1) 71(1) 72(2) 74(2) 76(2) 685(2) 832(2) 1126(1) 1216(2) 3581(2) 5174(1) 5180(1) 6012(2) 7414(2) 9103(2) 9676(2) 9744(2) 11161(2) 11208(2) 11307(1) 11325(1) 12025(2) 12352(2) 12378(1) 12516(1) 13031(2) 13119(2) 13598(2) 14009(1) 14191(2) 14276(1) 14782(2) 14889(2) 15197(1) 15601(1) 15648(1)
293;2;63;65;272(2) 453(2) 895(2) 1298(2) 1649(2) 2065(2) 2319(2) 3139(2) 3247(2) 3820(2) 3914(2) 4062(2) 4168(2) 4319(2) 4484(2) 4609(2) 4771(2) 4929(2) 5097(2) 5221(2) 5439(2) 5552(2) 5610(2) 5728(2) 5766(2) 5886(2) 6254(2) 6534(2) 7290(2) 8629(2) 8666(2) 9132(2) 9635(2) 10100(2) 10192(2) 10736(2) 10803(2) 10996(2) 11092(2) 11205(2) 11440(2) 11671(2) 11891(2) 11943(2) 12500(2) 12632(1) 13487(2) 13601(2) 13764(2) 14354(2) 14408(2) 14470(2) 14607(2) 14924(2) 15055(2) 15273(2) 15311(2) 15733(2) 15821(2) 15921(2) 15929(2) 15933(2) 15941(2) 15945(1) 15956(2)
407;8;57;65;547(2) 758(2) 835(2) 1119(2) 1195(2) 1571(2) 1584(2) 1688(2) 2561(2) 2627(2) 2990(2) 3121(2) 3210(2) 3364(2) 3365(2) 3366(2) 3452(2) 4707(2) 4796(2) 4807(2) 5118(2) 5120(2) 5425(2) 5441(1) 5595(1) 5635(1) 5890(2) 5931(2) 6050(2) 6204(2) 6205(2) 6234(2) 6309(2) 6697(1) 6858(2) 6966(2) 7097(1) 7576(2) 7606(2) 7608(2) 7648(2) 7661(2) 7663(2) 7683(2) 7688(2) 7693(1) 10442(2) 10523(1) 11816(2) 12139(2) 12140(2) 12226(2) 12861(2) 13357(2) 13653(2) 13655(2) 14899(2) 14900(2) 14901(2) 14902(2) 14903(2) 15116(2) 15450(2) 15552(1) 15844(2)
854;17;48;65;122(2) 333(2) 377(2) 571(1) 579(1) 703(2) 795(1) 901(1) 1730(2) 1865(2) 2020(2) 2056(2) 2165(1) 2647(2) 2846(1) 3785(2) 3808(2) 3939(2) 3961(2) 3982(2) 3989(2) 4071(1) 4464(2) 4504(2) 4711(2) 4761(2) 4792(2) 4893(2) 5486(2) 5550(2) 5600(2) 5939(2) 6343(2) 6376(2) 6641(2) 6990(2) 7169(2) 7379(2) 7544(1) 7546(2) 7549(2) 7666(2) 8591(1) 8854(2) 8980(2) 9571(1) 9618(1) 9835(1) 10571(2) 10601(2) 10662(2) 10787(2) 10921(2) 11202(1) 11338(1) 11359(1) 11435(2) 12096(2) 12616(2) 13498(2) 14023(2) 14096(1) 14151(2) 14368(1) 15402(2)
4300;33;32;65;119(1) 127(1) 276(1) 2034(1) 2454(2) 2703(2) 2994(2) 3242(2) 3279(2) 3449(2) 3455(1) 3483(2) 3576(2) 3708(1) 3896(2) 3936(1) 3948(2) 4165(1) 4757(1) 5137(1) 5210(2) 5422(1) 5699(1) 5838(1) 7247(2) 7533(1) 8233(2) 8532(1) 8540(1) 8774(1) 8804(2) 8831(2) 9297(1) 9350(2) 10240(1) 10346(1) 10370(1) 10674(2) 10720(2) 10817(2) 10961(2) 11696(2) 11938(2) 11977(2) 11982(2) 12001(1) 12089(2) 12340(2) 12837(1) 12883(1) 13077(2) 13262(1) 13481(1) 13619(2) 13671(2) 13851(1) 13870(1) 13943(1) 13951(1) 14110(2) 14611(1) 14640(1) 14759(2) 14885(1) 15508(2)
4365;21;43;64;119(1) 144(2) 261(2) 296(2) 315(2) 369(2) 561(2) 780(2) 1326(2) 1397(2) 2458(2) 3279(1) 3449(1) 3518(2) 4165(2) 4757(2) 4919(2) 5346(2) 5356(2) 5422(2) 5604(2) 5641(2) 5686(2) 5967(2) 6203(2) 6413(1) 6443(1) 6719(2) 6813(2) 7232(2) 7242(2) 8532(1) 8534(2) 8538(2) 8539(2) 8541(2) 8596(2) 9297(1) 9349(1) 9910(2) 10469(2) 10720(1) 11367(1) 11958(2) 11977(1) 12198(1) 12441(2) 12805(2) 12883(1) 13481(1) 13611(1) 13851(1) 13900(2) 13939(1) 13951(1) 14029(2) 14090(2) 14163(1) 14420(2) 14423(2) 14640(2) 14686(2) 15508(1) 15687(1)
14631;25;39;64;223(2) 268(1) 334(1) 625(2) 753(1) 1152(1) 1475(2) 2187(1) 2554(1) 2867(2) 3041(2) 4188(2) 4656(2) 4909(2) 5113(2) 5606(1) 5825(1) 6310(2) 6844(2) 6969(2) 7046(2) 7471(2) 7505(1) 7897(2) 8711(1) 8903(1) 8907(1) 8948(2) 9127(1) 9136(2) 9144(2) 9249(2) 9263(2) 9428(1) 9510(1) 9553(2) 9964(1) 10000(2) 10156(2) 10593(2) 11878(1) 11980(2) 12533(2) 12602(1) 13985(1) 14052(1) 14157(2) 14184(1) 14402(1) 14433(2) 14486(2) 14488(1) 14702(1) 14820(2) 14831(2) 14835(2) 14846(2) 14979(2) 15033(2) 15042(2) 15305(1) 15314(2) 15914(2) 15967(2)
5201;24;38;62;147(2) 239(2) 624(2) 800(1) 844(2) 1076(1) 1736(2) 1999(1) 2134(2) 2341(2) 2399(2) 3321(1) 3546(2) 3641(1) 3667(2) 3810(2) 3832(2) 5527(2) 5885(2) 5969(1) 6218(2) 6349(1) 6934(2) 7585(2) 8447(1) 8671(1) 9003(2) 9254(2) 9316(1) 9447(1) 9889(2) 9938(2) 9992(2) 10111(1) 10179(1) 10551(2) 10933(1) 11218(2) 11614(2) 11623(1) 11740(2) 11775(2) 12503(2) 12516(1) 12870(1) 13132(1) 13187(2) 13359(2) 13367(1) 13413(1) 13421(2) 13508(1) 13626(2) 13716(1) 14202(1) 14774(2) 14821(2) 15176(2) 15472(2) 15721(2) 15780(2) 15864(1)
773;10;52;62;406(2) 785(2) 864(2) 1691(2) 1949(2) 1973(1) 2487(1) 2807(2) 2951(2) 3715(2) 3823(2) 3917(2) 3932(1) 4890(2) 4913(1) 5232(2) 5260(2) 5261(2) 5263(2) 5271(2) 5278(2) 5282(2) 5729(2) 6625(2) 6707(2) 6982(2) 7442(2) 7647(2) 7662(2) 7853(2) 8518(1) 8581(1) 8767(1) 8899(2) 10316(2) 10554(2) 10573(2) 10694(2) 10818(2) 10906(2) 10923(2) 10998(2) 11021(2) 12689(2) 12950(2) 12962(1) 12967(1) 12973(2) 12976(2) 12980(2) 12981(2) 12989(2) 13025(2) 13134(2) 14339(1) 14568(2) 14916(2) 15115(2) 15183(2) 15714(2) 15745(2) 16004(2)
2258;8;54;62;1770(2) 2105(2) 2246(2) 2260(2) 3383(2) 3610(1) 3670(2) 4045(2) 4149(2) 4908(1) 5023(2) 5478(2) 7231(2) 7269(2) 8025(1) 8125(2) 8167(2) 8247(1) 8557(2) 8685(2) 9530(2) 9715(2) 9832(2) 9984(2) 10326(2) 10408(2) 10499(2) 11142(2) 11398(2) 11584(1) 11589(2) 11611(2) 11840(2) 12007(2) 12112(2) 12143(2) 12746(2) 12882(1) 13237(2) 13470(2) 13496(2) 13704(1) 14324(2) 14401(2) 14496(2) 14892(2) 15039(2) 15045(2) 15094(2) 15247(2) 15308(2) 15333(1) 15342(2) 15362(2) 15550(2) 15627(2) 15731(2) 15751(2) 15964(2) 16029(2) 16046(2) 16047(2)
761;8;53;61;438(2) 439(2) 513(1) 1610(1) 1746(2) 2198(2) 2923(2) 2975(2) 3088(1) 3188(2) 3314(2) 3739(2) 3740(2) 3741(2) 4240(1) 4402(2) 4519(2) 5086(2) 5222(2) 5679(2) 6163(2) 6172(2) 6407(2) 6439(2) 7246(2) 7727(2) 7756(2) 7893(2) 8135(2) 8508(1) 8602(2) 8923(2) 9036(2) 9048(2) 9065(2) 9233(2) 9649(2) 10306(2) 10924(2) 11292(2) 11837(2) 11849(2) 11870(2) 11896(2) 12665(2) 12797(1) 12923(2) 13562(2) 14153(2) 14160(2) 14384(2) 14406(2) 14643(2) 14761(2) 14887(2) 14985(2) 15223(2) 15299(1) 15510(2) 15636(1) 15989(2)
868;4;57;61;358(2) 504(2) 569(2) 1356(2) 1357(2) 1358(2) 1366(2) 1391(2) 1437(2) 1846(2) 1953(2) 1954(2) 2234(2) 2235(2) 2353(2) 3143(1) 3144(2) 3438(2) 3898(2) 3987(2) 4007(2) 4926(2) 4979(2) 4980(2) 4981(2) 4983(2) 4984(2) 4985(2) 4986(2) 4987(2) 5445(2) 5505(2) 6316(2) 6618(2) 6715(2) 6962(1) 7221(2) 7491(2) 7697(1) 7904(2) 8317(2) 8433(2) 8615(2) 8619(2) 8772(2) 8776(2) 8891(2) 9068(2) 9122(2) 9142(2) 9390(2) 9560(2) 9891(2) 10155(1) 10752(2) 12751(2) 12752(2) 12754(2) 12756(2) 13098(2) 13569(2)
3;0;60;60;806(2) 1401(2) 1535(2) 2316(2) 2351(2) 2573(2) 2907(2) 3248(2) 3317(2) 3436(2) 4385(2) 4390(2) 4472(2) 5193(2) 5501(2) 6020(2) 6347(2) 6399(2) 6401(2) 6537(2) 6557(2) 6705(2) 6771(2) 6877(2) 7059(2) 7314(2) 7330(2) 7738(2) 7749(2) 7936(2) 8203(2) 8568(2) 8832(2) 8969(2) 9074(2) 9225(2) 9307(2) 9324(2) 9439(2) 9725(2) 9833(2) 10025(2) 10098(2) 11309(2) 11628(2) 11771(2) 11962(2) 11997(2) 13053(2) 13266(2) 13920(2) 13970(2) 14165(2) 14175(2) 14632(2) 15313(2) 15484(2) 15617(2) 15634(2) 15728(2)
973;0;60;60;552(2) 590(2) 600(2) 653(2) 869(2) 1611(2) 1633(2) 1637(2) 1794(2) 2114(2) 2115(2) 2328(2) 2707(2) 2901(2) 2902(2) 3131(2) 3374(2) 3663(2) 3867(2) 4595(2) 4602(2) 4769(2) 5006(2) 5075(2) 5291(2) 5338(2) 5503(2) 6225(2) 6444(2) 6446(2) 6814(2) 7178(2) 7179(2) 7228(2) 7233(2) 7258(2) 7865(2) 8812(2) 9155(2) 9949(2) 10297(2) 10957(2) 11358(2) 11635(2) 11890(2) 12040(2) 12499(2) 12529(2) 12579(2) 12725(2) 13625(2) 13687(2) 13758(2) 13794(2) 13987(2) 14426(2) 14428(2) 14794(2) 15505(2) 15645(2)
1990;13;47;60;243(2) 497(2) 559(2) 676(2) 1178(2) 1198(2) 1439(2) 1604(1) 1605(2) 1628(2) 1967(2) 2090(2) 2153(2) 2289(2) 2420(2) 2421(2) 2554(1) 3041(1) 3043(2) 3107(2) 3111(2) 3294(2) 3338(2) 3833(2) 4092(2) 4197(2) 4640(2) 4667(2) 5162(2) 5220(2) 5593(2) 5961(1) 6315(2) 6323(2) 7514(2) 7622(2) 7777(1) 8336(1) 8472(2) 9178(2) 9213(2) 9479(2) 10834(2) 11704(2) 11922(1) 12588(1) 12902(2) 13834(2) 13837(2) 13944(1) 13985(1) 14006(2) 14184(2) 14679(1) 14826(2) 14979(1) 15345(2) 15914(1) 15922(2) 16008(2)
13430;24;36;60;126(1) 258(1) 781(1) 843(1) 958(1) 1074(1) 1467(1) 1542(2) 1885(2) 2418(2) 2490(2) 2528(1) 2575(2) 3022(1) 3289(2) 3612(2) 3661(2) 3756(2) 4549(1) 4653(1) 4992(2) 5172(2) 5238(2) 5246(2) 5313(2) 5320(1) 5388(2) 5580(2) 5637(2) 5878(1) 5888(2) 6958(2) 7641(1) 7807(2) 8000(2) 8007(1) 8227(2) 8315(2) 8356(2) 8613(1) 8654(2) 8860(1) 9134(1) 10889(1) 10954(1) 11231(1) 11594(2) 11813(2) 12332(2) 12668(2) 12761(2) 13403(2) 13448(1) 13632(1) 14146(1) 14161(2) 15431(2) 15432(2) 15623(2) 15838(2)
8766;25;35;60;946(2) 1831(2) 2081(2) 2833(2) 3350(2) 3573(2) 3862(1) 3865(2) 3895(1) 4301(1) 4350(1) 4361(2) 4548(1) 4654(1) 4671(2) 4904(2) 5196(1) 5678(2) 5748(2) 5755(1) 7151(2) 8076(2) 8171(1) 8681(1) 9046(1) 9726(2) 9741(2) 9775(2) 9825(1) 10371(2) 10423(2) 10473(1) 10576(1) 10712(2) 10786(2) 10792(1) 11029(2) 11107(1) 11299(2) 11357(2) 11378(2) 11804(2) 12250(1) 12265(1) 12277(2) 12374(2) 12417(2) 12520(2) 12666(2) 13699(2) 13809(2) 14017(1) 14390(1) 14562(1) 14813(1) 15284(2) 15373(2) 15761(1) 15886(1) 15909(1)
20593;20;40;60;349(2) 1059(2) 1288(2) 1596(2) 1601(1) 2612(2) 2637(1) 2917(2) 2942(1) 3307(1) 3319(2) 3852(2) 3984(2) 4318(1) 4363(2) 4423(2) 4630(2) 5257(2) 5990(2) 6394(2) 6422(1) 6681(1) 7334(1) 7386(2) 7508(1) 7512(2) 7997(1) 9446(1) 9489(2) 9502(2) 9808(2) 9990(1) 10001(2) 10185(1) 10263(2) 10515(1) 10767(2) 11090(2) 11236(2) 11561(1) 11599(1) 11780(2) 12207(2) 12295(2) 12307(2) 12940(1) 13214(2) 13441(2) 13508(1) 13615(2) 13988(1) 14530(2) 14756(2) 14800(2) 15198(1) 15210(2) 15390(2) 15430(2) 15449(2) 15848(2)
9688;19;40;59;191(2) 344(1) 642(2) 800(1) 929(2) 1076(2) 1333(2) 1369(2) 1392(2) 1624(2) 1744(2) 1810(2) 1992(2) 1999(1) 3067(2) 3378(1) 3533(2) 4318(1) 4655(2) 4674(2) 4738(2) 4858(2) 5969(1) 6008(2) 6112(2) 6278(2) 6349(1) 7063(2) 7299(2) 7777(2) 8249(1) 8447(2) 8834(2) 8868(2) 9283(2) 9315(2) 9316(1) 9476(2) 9870(2) 9969(2) 9992(1) 10933(2) 11272(2) 12259(2) 12352(1) 12434(1) 12561(1) 12655(2) 12883(1) 13162(2) 13405(2) 13508(1) 13807(1) 13870(1) 14202(1) 15073(2) 15463(2) 15656(1) 15779(2)
8991;21;38;59;165(2) 246(2) 933(2) 1024(2) 1399(2) 1554(1) 1629(2) 1785(2) 1922(2) 2386(2) 2483(1) 2604(2) 2748(2) 2983(1) 3141(2) 3186(2) 3816(2) 4019(2) 4699(2) 5012(2) 6168(2) 6414(2) 6487(2) 7240(1) 8108(2) 8490(2) 8614(2) 9023(2) 9346(1) 9607(2) 10274(2) 10518(2) 10633(1) 10748(1) 10810(1) 11041(1) 11064(2) 11314(1) 11376(1) 11934(2) 12239(2) 12476(2) 13575(2) 13689(1) 13700(2) 13718(2) 13747(2) 13976(2) 14359(1) 14738(2) 15036(1) 15052(1) 15066(1) 15123(1) 15324(1) 15338(1) 15400(1) 15822(2) 16023(1)
695;8;50;58;526(1) 651(1) 767(2) 874(2) 985(2) 1076(1) 1190(2) 1225(2) 1248(2) 1249(2) 1533(2) 1678(2) 1914(2) 2325(2) 3919(2) 4055(2) 4401(2) 4747(2) 4748(2) 4911(2) 5212(2) 5287(2) 5393(2) 5395(2) 5405(2) 5577(2) 5727(2) 6239(2) 6441(1) 6803(2) 7002(2) 7284(2) 7437(1) 7768(2) 7941(2) 8084(2) 9080(2) 10209(2) 11197(2) 11287(2) 11999(1) 12573(2) 13060(2) 13061(2) 13063(2) 13082(2) 13163(2) 13228(1) 13911(2) 13946(2) 14474(2) 14685(1) 14911(2) 15058(2) 15161(2) 15436(2) 15441(2) 15966(2)
309;17;41;58;608(2) 1133(1) 1193(2) 1615(2) 1618(2) 1642(2) 1650(2) 2215(1) 2220(2) 2678(1) 3362(2) 3381(2) 3653(2) 4222(1) 4596(2) 4599(2) 4675(1) 4773(2) 4965(1) 5080(2) 5448(1) 5468(1) 5643(2) 5769(1) 6379(2) 6770(2) 7150(1) 7563(2) 7792(1) 7851(2) 7862(2) 8409(2) 8679(2) 9768(2) 9785(2) 9950(2) 10352(2) 10868(2) 11080(2) 11360(1) 11603(2) 12137(2) 12219(2) 12338(2) 12450(2) 12464(2) 12483(2) 12487(2) 12697(2) 13125(1) 13398(1) 13510(2) 14344(2) 14499(1) 14743(2) 14757(1) 15457(2) 15612(1)
4254;25;32;57;366(1) 442(2) 1095(2) 2136(2) 2304(2) 2970(2) 4318(1) 4708(2) 5056(2) 5101(1) 5137(2) 5567(2) 6060(1) 6531(2) 6533(2) 6574(2) 7098(2) 7304(2) 7655(1) 8013(1) 8374(2) 8393(2) 8410(1) 8836(1) 9105(2) 9300(2) 9311(1) 9656(1) 10006(2) 10111(1) 10280(2) 11003(2) 11319(1) 11623(1) 11887(2) 12165(2) 12486(1) 12833(2) 12870(1) 12883(1) 12998(2) 13116(1) 13132(1) 13277(2) 13367(1) 13375(2) 13508(1) 13741(2) 13914(1) 14217(2) 14847(2) 15018(2) 15021(1) 15212(1) 15278(2) 15674(1) 15864(1)
30082;37;20;57;781(1) 800(1) 810(1) 1074(1) 1402(2) 1495(2) 2808(1) 3142(2) 3290(2) 3607(1) 3661(1) 3665(2) 4318(1) 4358(1) 4389(2) 4549(1) 5248(2) 5249(2) 5298(1) 5320(1) 5451(1) 5581(2) 5735(2) 5755(1) 6545(2) 6649(1) 6864(2) 6926(1) 7560(1) 8034(1) 8213(2) 8311(2) 8784(1) 9610(1) 9668(1) 9949(1) 10001(1) 10566(2) 10933(1) 11195(2) 11594(1) 11623(1) 11989(1) 12000(2) 12173(2) 12741(1) 13132(1) 13427(1) 13631(1) 13897(1) 14168(1) 14285(2) 14328(1) 14756(1) 14896(1) 14992(1) 15459(2)
2416;16;40;56;9(2) 35(2) 291(2) 1089(2) 1221(2) 1477(2) 2486(1) 4288(1) 4346(1) 4556(2) 4643(1) 4659(2) 4660(2) 4662(2) 5606(2) 5826(2) 6551(1) 6558(2) 6788(2) 6790(2) 7801(2) 7961(2) 7996(2) 8218(2) 9022(2) 9220(2) 9229(2) 9531(2) 9627(1) 9631(1) 9632(2) 9638(2) 9876(1) 9944(2) 9980(1) 10020(1) 10048(2) 10635(1) 11261(1) 11504(2) 11815(2) 12280(2) 12345(1) 12470(2) 12531(1) 12553(2) 12622(2) 13059(2) 13317(2) 13425(2) 14018(2) 14088(1) 14222(2) 14385(2) 15007(1) 15604(2)
11262;20;36;56;157(1) 300(1) 343(2) 542(2) 800(1) 926(1) 1841(1) 1907(2) 2847(2) 3515(2) 3516(1) 4023(2) 4164(2) 4815(2) 4826(1) 4837(2) 4851(2) 5049(2) 5179(1) 5451(1) 5597(2) 5715(2) 5755(1) 6598(2) 6628(2) 6640(2) 6810(2) 6830(2) 7133(1) 7162(2) 7642(2) 8188(1) 8553(2) 8735(1) 9386(2) 9402(2) 9902(1) 10483(2) 10688(2) 10788(1) 11158(2) 12233(2) 12368(2) 12369(2) 12806(2) 13132(1) 13352(2) 13406(2) 13811(2) 14097(2) 14540(1) 14545(1) 15375(1) 15415(2) 15622(2) 15909(1)
7;1;55;56;575(2) 904(2) 988(2) 1555(2) 1747(2) 1977(2) 2605(2) 2872(2) 3624(2) 3625(2) 4186(2) 4198(2) 4621(2) 4622(2) 5051(2) 5202(2) 5491(2) 6109(2) 6152(2) 6153(2) 6469(2) 7146(2) 7665(1) 8211(2) 8338(2) 8341(2) 8342(2) 8788(2) 8807(2) 8808(2) 8809(2) 8811(2) 8813(2) 8815(2) 8828(2) 9332(2) 9750(2) 9841(2) 10038(2) 10531(2) 11009(2) 11156(2) 11330(2) 12432(2) 12509(2) 12807(2) 12835(2) 13176(2) 13208(2) 14241(2) 14451(2) 14745(2) 15312(2) 15504(2) 15522(2) 15729(2)
3039;4;52;56;270(2) 430(2) 466(2) 489(2) 786(2) 811(2) 855(2) 1958(2) 2493(2) 3373(2) 3393(2) 3838(2) 3977(1) 4233(2) 4387(2) 5247(2) 5300(2) 5321(2) 5331(2) 5333(2) 5335(2) 5337(2) 5648(2) 5790(2) 5980(2) 6005(2) 6400(2) 7202(2) 7454(2) 7588(2) 7916(2) 8210(2) 9240(2) 9581(2) 10617(2) 10933(1) 10939(2) 11621(2) 11969(2) 12113(2) 12147(2) 12285(2) 12641(2) 12988(1) 12995(2) 13005(2) 13070(2) 13330(2) 14413(1) 14586(2) 14896(2) 15006(2) 15201(2) 15288(2) 15403(2) 15621(2)
1898;9;47;56;312(2) 610(2) 680(1) 1008(2) 1139(2) 1244(2) 1492(2) 1701(2) 2288(2) 2392(2) 3162(1) 3231(2) 3493(1) 4072(2) 4409(2) 4454(2) 5047(2) 5219(2) 5884(2) 5936(2) 5982(2) 5983(2) 6024(1) 6033(2) 6189(2) 6552(2) 7658(2) 7712(2) 7955(2) 8021(2) 8055(2) 8059(1) 8118(2) 9277(2) 9518(2) 9739(2) 9863(1) 9884(2) 10174(2) 10791(2) 10855(2) 11697(2) 11903(2) 12082(2) 12083(2) 12228(2) 12781(1) 12895(1) 13528(2) 14957(2) 14976(2) 15233(2) 15286(2) 15499(2) 15598(2) 15701(1)
3427;25;29;54;199(1) 248(2) 325(1) 631(1) 1167(1) 1905(2) 2150(2) 3548(1) 3964(2) 4063(2) 4465(1) 4470(2) 4615(1) 4817(1) 4818(2) 4853(1) 5044(1) 5179(1) 5190(2) 5451(1) 5691(2) 6305(2) 6470(2) 7561(2) 7565(1) 7641(2) 7805(1) 8225(2) 8281(1) 8613(1) 8703(2) 8729(2) 8773(2) 8774(1) 9121(2) 9412(2) 9414(2) 9417(1) 9592(1) 10456(2) 10708(2) 11158(1) 11337(1) 11385(2) 12317(2) 12681(2) 12682(1) 13132(1) 13297(2) 13300(2) 13352(1) 14224(2) 14317(2) 14545(1)
15866;21;33;54;264(2) 724(2) 942(2) 1241(2) 1313(2) 1841(1) 2191(1) 2583(2) 2862(2) 2874(1) 3075(2) 3806(2) 4350(1) 4392(2) 4463(2) 4494(2) 4523(1) 5236(1) 5451(1) 5755(1) 5956(2) 6638(1) 6643(2) 6687(1) 6859(1) 7149(2) 7426(2) 7570(1) 7672(2) 7793(1) 9559(2) 9699(2) 9737(2) 9757(2) 10073(1) 10642(2) 11066(2) 11162(1) 11250(1) 11251(2) 11254(2) 11798(2) 12258(2) 13348(2) 13442(2) 13887(2) 14578(2) 14750(1) 15153(2) 15164(1) 15200(1) 15375(1) 15788(2) 15909(1)
3337;24;29;53;292(2) 813(1) 1103(1) 1398(1) 1577(2) 2394(2) 2472(2) 3238(2) 3455(1) 3480(2) 3718(1) 3791(1) 3831(1) 3916(2) 4166(2) 4185(2) 5013(2) 5411(2) 5440(1) 5973(1) 6011(1) 6118(2) 6385(1) 6580(2) 6698(2) 6834(1) 6949(1) 7857(2) 8369(2) 8559(2) 8638(2) 8664(2) 8846(1) 9087(2) 9110(1) 9170(1) 9634(2) 9915(1) 10188(1) 10677(2) 11466(1) 11843(2) 13117(2) 13295(2) 13677(2) 13852(1) 14072(1) 14075(1) 14085(2) 14111(2) 14113(1) 14815(2) 15545(1)
10460;11;42;53;269(2) 295(2) 617(2) 854(2) 896(2) 1103(1) 1118(1) 1539(2) 1586(2) 1838(2) 1975(2) 2598(2) 3113(2) 3519(2) 3522(2) 3830(1) 3834(2) 4829(2) 5760(2) 5894(2) 5973(2) 6346(2) 6740(1) 6742(2) 6820(2) 6834(2) 6949(1) 7037(2) 7681(2) 7979(2) 8142(2) 8332(2) 8846(1) 9170(1) 9384(2) 9548(2) 9582(2) 9915(1) 9957(2) 10099(2) 10188(1) 10676(2) 11788(2) 12224(2) 12656(2) 12906(2) 13172(2) 13321(2) 13561(2) 13770(1) 13862(1) 13867(2) 15970(2)
18695;25;28;53;120(2) 301(1) 639(1) 907(2) 958(1) 1421(2) 1448(2) 1582(2) 1913(2) 2231(2) 2459(2) 4643(2) 5268(1) 5384(2) 5388(1) 5397(2) 5437(1) 5974(2) 6409(1) 6418(2) 6435(2) 6575(1) 6842(1) 6962(1) 7100(2) 8007(2) 8026(1) 8249(1) 8739(1) 8760(1) 8782(2) 9718(1) 10201(2) 10261(2) 10330(2) 10800(2) 11244(2) 11271(1) 12655(1) 12883(1) 12910(2) 12925(1) 13207(1) 13310(1) 13508(1) 13632(1) 13652(2) 13931(2) 13943(1) 14005(2) 14276(1) 14327(2) 15936(2)
2407;2;51;53;11(2) 27(2) 50(2) 626(2) 1126(2) 1129(2) 1216(1) 1529(2) 1532(1) 1608(2) 2765(2) 3263(2) 3385(2) 4362(2) 4394(2) 4683(2) 5651(2) 5987(2) 6154(2) 7407(2) 7438(2) 7439(2) 7443(2) 7444(2) 7445(2) 7753(2) 7948(2) 8368(2) 8954(2) 8986(2) 9161(2) 9227(2) 9358(2) 9588(2) 9748(2) 9836(2) 10605(2) 11043(2) 11057(2) 12043(2) 12378(2) 12853(2) 12919(2) 13069(2) 13649(2) 13683(2) 13779(2) 14086(2) 14400(2) 14714(2) 14771(2) 14785(2) 15595(2)
412;5;47;52;649(2) 654(2) 1226(2) 1251(2) 1371(2) 1384(2) 1432(2) 1450(2) 1451(2) 1486(2) 1971(2) 2638(2) 2955(2) 3143(2) 3192(2) 3213(2) 4178(2) 4360(1) 4467(2) 4721(2) 5039(1) 5133(2) 5182(1) 5466(2) 5905(2) 6074(2) 6075(2) 6442(2) 7212(2) 7993(2) 8347(2) 8621(2) 8665(2) 8926(2) 10017(2) 10078(2) 10332(2) 10368(2) 11160(2) 11607(2) 11638(1) 11936(1) 13199(2) 13856(2) 14223(2) 14629(2) 15248(2) 15346(2) 15464(2) 15480(2) 15665(2) 15735(2)
2396;2;50;52;416(2) 551(2) 627(2) 636(2) 658(2) 1738(2) 2358(1) 2940(2) 3440(2) 3561(2) 3676(2) 3679(2) 4540(2) 6369(2) 6416(2) 6566(2) 6902(2) 7004(2) 7113(2) 7170(2) 7473(2) 7730(2) 7815(2) 7845(2) 8657(2) 8795(2) 8956(2) 9205(2) 9430(2) 9626(2) 10037(2) 10335(1) 10355(2) 10569(2) 10667(2) 11123(2) 11476(2) 11477(2) 11484(2) 11851(2) 12497(2) 12780(2) 12814(2) 12926(2) 13093(2) 14441(2) 14442(2) 14551(2) 14564(2) 15008(2) 15482(2) 16050(2)
2257;9;43;52;423(2) 814(2) 1485(2) 1553(2) 1598(2) 1617(2) 2233(2) 3529(2) 3930(2) 4859(2) 5390(2) 5472(2) 6441(1) 6773(2) 6845(2) 6861(2) 7109(2) 7282(2) 8247(2) 8742(1) 9025(2) 10189(1) 10537(2) 11779(2) 12159(1) 12222(2) 12364(1) 12391(2) 12439(2) 12495(2) 12538(2) 12589(2) 12701(2) 12793(2) 12982(2) 13068(2) 13090(2) 13480(2) 13522(2) 13545(2) 13737(2) 13766(2) 13895(2) 14068(1) 14572(2) 14589(2) 14647(2) 14684(1) 14926(1) 15333(1) 15557(2) 15890(2)
2295;27;25;52;503(1) 604(1) 1671(1) 3194(2) 3341(2) 3951(2) 4067(2) 5925(1) 6016(1) 6384(2) 6426(2) 6430(2) 6632(1) 6913(1) 7759(1) 7859(2) 7896(1) 7973(2) 8099(2) 8208(1) 8569(2) 8827(1) 8851(2) 8911(1) 9179(2) 9222(1) 9878(2) 9879(2) 10044(1) 11049(1) 11314(1) 11381(1) 11761(2) 12399(1) 12539(2) 12560(2) 12631(1) 12804(2) 12845(2) 12846(2) 13198(2) 13376(1) 13790(2) 13927(1) 13962(1) 14910(1) 15005(1) 15015(2) 15059(1) 15202(1) 15671(2) 15911(1)
933;3;49;52;411(2) 570(2) 585(2) 643(2) 667(2) 679(2) 728(2) 755(2) 1041(2) 1111(2) 1389(2) 1990(2) 2159(2) 2286(2) 2565(2) 3053(2) 3308(2) 3309(2) 3560(2) 3727(2) 3902(2) 4563(2) 4880(2) 5211(2) 5535(2) 6367(2) 6722(2) 6743(2) 6827(2) 6881(2) 7420(2) 8178(2) 8390(2) 8888(2) 9138(1) 9432(2) 9537(2) 9623(1) 9645(2) 9875(2) 9881(2) 9970(2) 10981(2) 10987(2) 11186(2) 11900(2) 12045(2) 12543(2) 13140(2) 13963(2) 15541(2) 15640(1)
2154;7;45;52;938(2) 2339(2) 2896(2) 3331(2) 3339(2) 4180(1) 4300(2) 4623(2) 4624(2) 5396(2) 5484(2) 7238(2) 7436(2) 7929(2) 8087(2) 9312(2) 9647(2) 9694(2) 10125(1) 10182(2) 10381(2) 10716(2) 11291(2) 11404(2) 11526(1) 11639(1) 11641(2) 11652(2) 12177(2) 12282(2) 12507(2) 12516(2) 12551(2) 12625(2) 12903(2) 12941(2) 13057(2) 13131(1) 13508(1) 13705(1) 14199(2) 14462(2) 14467(2) 14472(2) 14747(2) 15632(2) 15723(2) 15764(2) 15789(2) 15790(2) 15808(2) 15952(2)
397;21;30;51;81(1) 115(1) 133(1) 664(2) 1667(2) 1863(2) 1875(2) 2483(1) 2983(1) 3383(1) 4194(2) 4522(2) 4528(1) 4576(2) 4579(1) 5981(2) 6211(1) 7055(2) 7111(1) 7129(1) 7236(2) 7237(2) 7665(1) 7770(2) 7847(1) 8148(2) 8499(2) 8512(2) 9038(2) 9097(2) 9148(2) 9346(1) 10186(2) 10187(2) 10275(2) 10394(2) 10633(1) 10946(1) 11016(2) 11314(1) 11471(2) 11714(2) 11850(1) 11908(1) 12423(2) 12784(2) 12797(2) 13026(2) 13387(2) 14391(1) 15038(1)
5914;14;37;51;329(1) 493(2) 599(2) 637(2) 673(1) 1117(2) 1138(2) 1236(2) 1302(2) 1321(2) 1324(2) 1835(2) 2007(1) 2253(1) 2305(2) 2910(2) 3264(1) 3265(2) 3579(2) 4471(2) 4473(2) 4788(2) 4891(1) 4897(2) 4953(1) 5359(2) 5360(1) 5681(2) 6062(1) 6126(2) 6127(2) 6128(2) 6131(2) 7214(2) 7494(1) 7591(1) 7841(2) 7871(2) 8048(2) 8705(2) 9037(2) 10743(2) 11157(2) 12354(2) 13122(2) 13685(2) 13929(1) 14624(2) 14742(2) 15260(1) 15261(1)
7549;11;40;51;139(2) 583(1) 617(1) 663(2) 1017(1) 1075(2) 1692(2) 2223(2) 2249(1) 2393(2) 2478(2) 2498(2) 2540(2) 2541(2) 2545(2) 3187(2) 3340(2) 3746(2) 3818(2) 3830(2) 4203(2) 4368(2) 4574(2) 5034(2) 5107(2) 5442(1) 5587(2) 5782(1) 5975(2) 6208(2) 6216(2) 6223(2) 6326(2) 6348(2) 6386(2) 7800(2) 8067(2) 8446(2) 8474(1) 9091(2) 9092(2) 9110(1) 9170(1) 9351(2) 10409(2) 10676(1) 11423(2) 12521(2) 12824(2) 13517(2) 16000(1)
915;12;39;51;481(2) 928(2) 1379(2) 1926(2) 2265(2) 2300(2) 2743(2) 2752(2) 2761(2) 2794(2) 2809(1) 2876(2) 2909(2) 3055(1) 3328(2) 3968(2) 4190(2) 4305(2) 4365(2) 4892(1) 5833(2) 6708(2) 6800(2) 7950(1) 7970(2) 8524(2) 9050(2) 9196(2) 9290(2) 9425(2) 9542(1) 10134(1) 10213(2) 11133(2) 11137(2) 11140(2) 11188(2) 11193(1) 11213(2) 11649(1) 11812(2) 11902(2) 12523(2) 13127(1) 13341(2) 13960(2) 14881(2) 15425(2) 15896(1) 15971(1) 16012(1)
1311;0;50;50;384(2) 825(2) 894(2) 1387(2) 1857(2) 2186(2) 2295(2) 2782(2) 3426(2) 3427(2) 3462(2) 3484(2) 3508(2) 3512(2) 4159(2) 4163(2) 4778(2) 5363(2) 5989(2) 7139(2) 8830(2) 8904(2) 10022(2) 10722(2) 10842(2) 10893(2) 11023(2) 11128(2) 11211(2) 11552(2) 11655(2) 11716(2) 11983(2) 12660(2) 12730(2) 12753(2) 12755(2) 12897(2) 13257(2) 13269(2) 13630(2) 14245(2) 14266(2) 14300(2) 14696(2) 15014(2) 15476(2) 15657(2) 15660(2) 15901(2)
15049;25;25;50;579(1) 702(1) 950(1) 984(2) 1057(1) 1143(2) 1521(2) 1695(2) 1911(2) 2010(1) 2165(1) 2228(2) 2374(1) 2572(2) 3585(2) 3636(1) 3858(1) 4171(1) 4536(2) 4689(2) 4974(1) 6867(2) 7165(2) 7526(2) 7530(2) 7552(1) 7572(2) 8410(2) 8432(2) 8708(1) 8836(1) 9656(2) 10080(2) 10111(1) 10242(1) 10884(2) 11074(2) 11319(1) 11467(1) 11473(1) 11734(1) 12057(2) 12394(1) 13793(1) 14790(2) 14888(1) 15212(1) 15674(2) 15864(1) 15923(2)
1187;13;36;49;280(2) 1671(2) 3211(2) 3409(2) 3545(2) 3617(2) 5518(2) 5925(1) 6016(1) 6196(2) 6200(2) 6297(2) 6345(1) 6415(1) 6913(2) 7333(2) 7503(2) 7511(2) 7898(2) 8104(2) 8542(2) 8625(2) 8742(2) 9117(1) 9222(1) 9604(1) 9878(1) 10044(1) 10643(2) 11312(2) 11761(1) 11899(2) 12399(2) 12946(2) 13198(1) 13376(2) 13386(2) 13680(2) 13843(2) 13927(2) 13945(2) 13962(2) 14240(2) 14908(2) 15005(1) 15023(2) 15059(2) 15224(1) 15776(2)
1635;6;43;49;217(2) 220(2) 288(2) 305(2) 365(2) 1523(2) 2069(1) 2320(2) 2441(2) 2849(2) 2882(2) 3098(2) 3130(2) 3133(2) 3135(2) 3137(2) 3249(2) 3310(2) 3499(2) 3629(2) 4010(2) 4832(2) 5035(1) 5433(2) 5995(2) 6812(1) 7189(2) 7356(2) 7498(2) 7534(1) 7686(2) 7711(2) 8192(2) 8301(2) 8451(1) 8458(2) 8769(2) 9520(2) 10899(1) 11333(2) 12740(2) 13793(2) 14310(2) 14649(2) 14703(2) 15289(2) 15688(2) 15718(2) 15769(2)
11350;10;39;49;397(2) 557(2) 572(1) 1121(2) 1175(2) 1206(1) 1548(2) 1613(2) 1640(2) 1643(2) 1860(2) 2051(2) 2135(2) 2256(2) 2469(2) 2707(1) 2783(2) 3092(2) 3590(2) 3593(2) 3641(1) 4644(2) 5470(2) 5594(2) 5995(1) 6067(2) 6328(2) 6847(2) 6899(2) 6935(1) 7403(2) 7866(1) 8639(2) 8812(1) 9112(1) 10279(2) 10547(2) 10735(2) 10866(2) 11219(2) 12528(2) 12530(2) 13116(2) 13389(2) 15170(2) 15457(1) 15647(2) 15740(2) 15950(2)
388;0;49;49;84(2) 1435(2) 1498(2) 1505(2) 1511(2) 1514(2) 1534(2) 1817(2) 2250(2) 2517(2) 2675(2) 3567(2) 3633(2) 3644(2) 4457(2) 4481(2) 4871(2) 5022(2) 5112(2) 5203(2) 5446(2) 5464(2) 5509(2) 6289(2) 6562(2) 8228(2) 8380(2) 8921(2) 9947(2) 10199(2) 10222(2) 10311(2) 10885(2) 10909(2) 11100(2) 11620(2) 11819(2) 11882(2) 12392(2) 12395(2) 12762(2) 12882(2) 13100(2) 13113(2) 13704(2) 14292(2) 14636(2) 15174(2) 15999(2)
2059;8;41;49;88(2) 339(2) 975(2) 976(1) 977(2) 978(2) 980(2) 982(2) 1739(2) 2520(2) 2602(2) 2953(2) 2968(2) 3052(2) 3241(1) 3543(2) 4413(1) 4740(2) 4763(2) 4810(2) 5243(2) 5334(2) 5374(2) 5642(2) 5784(2) 6158(1) 6161(2) 6584(2) 6647(2) 6873(2) 7472(2) 7665(1) 9601(2) 9815(2) 9830(2) 9844(2) 10252(2) 10729(2) 11108(2) 12093(2) 13008(2) 13034(1) 13618(2) 14613(2) 15384(2) 15466(2) 15703(1) 15804(2) 16046(1)
8192;28;21;49;446(2) 2527(1) 4482(2) 5175(2) 6056(1) 6139(2) 6483(1) 6955(1) 7541(1) 7679(2) 8455(2) 8589(2) 8653(1) 8754(2) 9374(1) 9640(2) 9771(1) 10111(1) 10196(2) 10441(1) 10625(2) 11319(1) 12702(2) 12870(1) 12913(1) 13132(1) 13310(1) 13359(1) 13402(2) 13508(1) 13632(1) 13981(2) 13982(2) 13990(2) 13993(1) 13994(1) 14062(2) 14146(1) 14244(2) 14816(1) 14847(1) 14879(2) 14882(2) 15325(2) 15512(1) 15525(1) 15780(1) 15864(1) 16015(1)
260;2;46;48;331(2) 341(2) 415(2) 1551(2) 1797(2) 2636(2) 3026(2) 4383(2) 5182(2) 5611(2) 6199(2) 6685(2) 7089(2) 7093(2) 7094(2) 7095(2) 7141(2) 7387(2) 7602(2) 8083(2) 8151(2) 8152(2) 8153(2) 8385(2) 8696(2) 9120(2) 9146(2) 9809(2) 10421(2) 10731(2) 11076(2) 11180(2) 11316(1) 11733(2) 12212(2) 12455(2) 13192(1) 13391(2) 13392(2) 13688(2) 14287(2) 14487(2) 14490(2) 14491(2) 15222(2) 15282(2) 15283(2) 15344(2)
889;14;34;48;169(2) 1104(2) 1677(2) 1796(2) 1991(2) 2070(1) 2553(2) 2571(2) 2858(2) 3124(2) 3725(1) 4575(1) 4762(2) 5131(2) 5132(2) 5509(1) 5682(2) 6005(1) 6455(2) 7410(1) 7457(2) 7665(1) 8135(1) 8205(2) 8571(2) 8916(2) 8931(2) 10978(2) 11049(1) 11167(2) 11314(1) 11341(2) 11422(1) 11523(2) 11836(2) 11923(2) 12875(1) 13826(2) 13829(2) 13847(1) 14425(2) 14651(2) 15189(2) 15257(2) 15317(2) 15318(2) 15636(1) 15948(2)
1907;3;45;48;540(2) 1154(2) 1434(2) 1658(2) 1783(2) 1825(2) 2054(2) 2728(2) 2932(2) 3067(1) 3419(2) 3583(2) 3654(2) 4002(1) 4195(2) 4248(2) 4500(2) 5362(2) 5743(2) 6232(2) 6780(2) 6930(2) 7064(2) 7152(2) 7321(2) 7331(2) 7332(2) 8136(2) 8642(1) 9135(2) 10082(2) 10136(2) 10176(2) 11152(2) 12145(2) 12496(2) 12614(2) 12868(2) 12933(2) 13761(2) 14413(2) 14542(2) 14692(2) 14784(2) 14822(2) 15256(2) 15383(2) 15481(2)
4515;23;25;48;344(2) 800(1) 1151(2) 1886(1) 1999(2) 3064(2) 3533(1) 4318(1) 5903(1) 5969(1) 6056(1) 6178(2) 6349(2) 6353(1) 7153(2) 8314(2) 8414(2) 8862(2) 8864(2) 9002(2) 9020(2) 9316(1) 9374(1) 9443(1) 9447(1) 10111(1) 10441(2) 10726(2) 10933(1) 10949(1) 12086(2) 12138(2) 12259(1) 12434(2) 12870(1) 12883(1) 13042(2) 13132(1) 13154(2) 13508(1) 13716(2) 13870(1) 14054(1) 14201(2) 14202(2) 15194(2) 15864(1) 15915(2)
27785;21;27;48;197(2) 560(1) 717(2) 1862(2) 2124(1) 2931(1) 3270(2) 3298(2) 3336(1) 3346(1) 3463(1) 3578(2) 3650(2) 4555(2) 4971(1) 5004(2) 5419(1) 5574(1) 5799(1) 5964(1) 6318(1) 6586(2) 7198(2) 7307(1) 9362(2) 9953(2) 10023(2) 10049(1) 10051(2) 10269(2) 11727(1) 11799(1) 12022(2) 12388(2) 12801(2) 13136(1) 13508(1) 13579(2) 14102(2) 14668(1) 14810(2) 14936(2) 15109(1) 15206(1) 15259(2) 15265(2) 15292(2) 15991(2)
2223;16;31;47;276(2) 1270(2) 1845(2) 1855(2) 1872(1) 2279(2) 2292(2) 2662(2) 2808(2) 3465(1) 3708(1) 3929(2) 3935(2) 4112(2) 4165(1) 5539(2) 5692(2) 6850(2) 7533(2) 8540(1) 8543(2) 9296(2) 9297(1) 9545(2) 10346(1) 10464(2) 10720(1) 10892(2) 11048(2) 11400(1) 11817(2) 12005(2) 12347(1) 12837(2) 12883(1) 13481(1) 13527(2) 13541(1) 13851(1) 13951(1) 14421(2) 14646(2) 14788(2) 14885(2) 15365(1) 15423(2) 15696(2)
2339;15;32;47;1173(1) 1872(1) 2510(2) 2599(2) 2824(2) 3465(2) 3949(2) 3967(2) 4012(2) 4120(2) 4165(1) 5214(2) 5253(2) 6053(2) 6236(2) 6421(2) 6589(2) 6656(2) 6745(1) 7234(2) 7273(2) 8532(1) 8756(2) 9214(2) 9297(1) 9923(2) 10168(2) 10346(1) 10872(2) 11660(2) 12107(2) 12347(1) 12441(1) 12837(1) 12865(2) 13439(2) 13481(2) 13515(2) 13730(2) 13851(1) 14118(2) 14848(2) 15365(1) 15483(2) 15637(1) 15837(1) 15885(1)
1721;4;43;47;103(2) 1093(2) 1558(2) 2452(2) 2457(2) 2483(1) 2987(2) 3090(2) 3692(2) 4230(2) 4231(2) 4232(2) 5428(2) 5578(2) 5588(2) 6425(2) 6634(2) 6912(2) 7121(2) 7291(2) 7450(2) 8173(2) 8672(2) 8673(2) 8883(2) 8920(2) 9137(2) 9162(2) 9828(1) 10160(2) 10633(1) 10784(2) 10913(2) 11013(2) 11286(2) 11456(2) 12042(2) 12101(1) 12193(2) 12210(2) 12430(2) 13018(2) 13245(2) 13954(2) 14095(2) 14147(2) 15052(2)
30;1;46;47;10(2) 39(2) 287(2) 2366(2) 2424(2) 3088(2) 3343(2) 4046(2) 4146(2) 4258(2) 4327(2) 5164(2) 5483(2) 6273(2) 6541(2) 6782(2) 7086(2) 7157(2) 7166(2) 7195(2) 7276(2) 8378(2) 8755(2) 8775(2) 9157(2) 10398(2) 10399(2) 10579(2) 10845(2) 11600(2) 12131(2) 12132(2) 12889(1) 13286(2) 13462(2) 13955(2) 13978(2) 14065(2) 14145(2) 14212(2) 14276(2) 14437(2) 14694(2) 14883(2) 15570(2) 15854(2) 15857(2)
3781;3;43;46;1360(2) 1368(2) 1404(2) 1442(2) 1527(2) 1966(2) 2281(2) 2342(2) 2982(2) 3004(2) 3214(2) 3575(2) 3589(2) 3696(2) 4284(1) 4529(2) 4766(2) 4945(2) 5153(2) 5286(2) 5522(2) 5532(2) 5638(2) 5881(2) 5885(1) 5889(2) 6184(2) 6460(2) 6471(2) 8266(2) 8277(1) 10143(2) 11826(2) 11889(2) 11929(2) 12031(2) 12788(2) 12831(2) 12887(2) 13083(2) 13477(2) 14230(2) 15412(2) 15460(2) 15755(2) 15809(2)
2284;0;46;46;1516(2) 1662(2) 1663(2) 1821(2) 2476(2) 2619(2) 2789(2) 2973(2) 3216(2) 4202(2) 5111(2) 6110(2) 6175(2) 6532(2) 6663(2) 6970(2) 8364(2) 8929(2) 9475(2) 10246(2) 10397(2) 10470(2) 10794(2) 11017(2) 11111(2) 11461(2) 11818(2) 11933(2) 12415(2) 12687(2) 12825(2) 13165(2) 13323(2) 13362(2) 13499(2) 13719(2) 13816(2) 14466(2) 14627(2) 14724(2) 15500(2) 15676(2) 15768(2) 15818(2) 15819(2) 15904(2)
1486;9;37;46;14(2) 35(1) 75(2) 967(2) 1087(2) 1089(1) 1132(2) 1221(1) 1329(2) 2486(2) 2754(2) 2836(2) 3714(2) 4288(2) 4346(2) 4645(2) 4661(2) 4662(1) 5394(2) 6551(2) 6718(2) 6789(2) 8700(2) 8747(2) 8907(2) 9022(1) 9627(2) 9631(2) 9876(2) 9944(1) 10027(2) 10635(2) 11237(2) 11261(2) 11504(1) 11567(2) 11707(2) 12345(2) 12531(2) 12553(1) 13511(2) 14088(2) 14221(2) 14488(1) 15007(2) 16009(2)
5544;18;28;46;285(2) 1386(2) 1424(2) 1631(2) 1968(2) 2313(2) 2977(2) 3370(1) 4360(1) 4419(2) 5530(1) 5533(2) 5551(2) 5576(1) 5602(1) 6075(1) 6157(2) 6572(1) 6806(2) 8127(2) 8130(2) 8348(2) 8441(2) 8738(2) 8927(1) 8985(2) 9088(2) 9174(1) 9707(2) 9803(2) 10093(1) 10097(1) 10154(1) 10555(2) 10846(2) 11258(2) 11936(2) 11963(2) 12409(1) 13204(1) 14223(1) 14413(1) 14479(2) 15207(1) 15654(2) 15815(1)
1402;1;44;45;906(2) 1102(2) 1137(2) 1519(2) 1848(2) 2058(2) 2213(2) 2447(2) 2969(2) 3081(2) 3620(2) 4226(2) 4506(2) 4931(2) 5379(2) 5547(2) 6191(2) 6390(2) 6637(2) 7119(2) 7171(2) 7603(2) 7669(2) 7858(2) 8074(2) 8623(2) 8646(2) 9654(2) 9772(2) 9779(2) 9780(2) 11215(2) 12185(2) 12559(2) 12696(2) 12816(2) 13186(2) 13735(2) 13828(2) 13845(2) 14063(2) 14186(1) 14968(2) 15515(2) 15920(2)
424;10;35;45;87(2) 660(2) 694(1) 726(2) 1339(1) 1687(2) 2274(1) 2275(2) 2277(1) 2380(2) 2943(2) 3169(2) 3171(2) 3245(2) 3246(2) 3588(1) 4774(2) 5064(2) 5966(1) 6633(2) 7281(2) 8300(2) 8723(2) 8724(2) 8925(2) 9208(2) 9292(1) 9928(2) 10433(2) 10497(2) 10902(1) 11001(2) 11431(2) 11701(2) 11767(2) 11964(1) 12492(2) 12652(2) 14225(2) 14478(2) 14880(2) 15124(2) 15367(2) 15840(2) 15930(1)
569;0;45;45;634(2) 1353(2) 2237(2) 2558(2) 2730(2) 3292(2) 4131(2) 4377(2) 5511(2) 6370(2) 6450(2) 6781(2) 6783(2) 7065(2) 7144(2) 7440(2) 8008(2) 8324(2) 8470(2) 9194(2) 9565(2) 9659(2) 9898(2) 10043(2) 10337(2) 10992(2) 11531(2) 11873(2) 12557(2) 13130(2) 13736(2) 14172(2) 14213(2) 14216(2) 14284(2) 14493(2) 14525(2) 14569(2) 14574(2) 14965(2) 15628(2) 15629(2) 15631(2) 15650(2) 15800(2)
201;8;37;45;310(2) 440(2) 1165(1) 1188(2) 1259(2) 1946(2) 2006(2) 2813(2) 2911(2) 2999(2) 3001(2) 3348(2) 3959(2) 4246(2) 4311(2) 4313(2) 4318(1) 4432(2) 4823(2) 5883(1) 6423(2) 6432(2) 6433(2) 6440(2) 6883(1) 6947(2) 7021(2) 7721(2) 7952(2) 7981(2) 8030(2) 8321(2) 8627(2) 9171(2) 10585(1) 10586(2) 11755(1) 12669(2) 12682(1) 12819(2) 13380(2) 13476(2) 14434(1) 15003(2) 15098(2)
2981;17;28;45;677(2) 949(2) 951(2) 955(1) 1003(2) 1664(2) 3678(2) 3781(2) 3802(1) 3805(2) 3849(2) 3850(1) 4074(2) 4100(2) 4384(1) 4794(2) 5052(1) 6092(2) 6672(2) 6960(1) 7485(1) 7758(1) 8835(1) 9016(2) 9327(2) 9391(2) 9478(2) 9820(2) 9821(2) 9823(1) 9824(2) 9827(1) 10336(1) 11948(2) 12046(1) 12121(2) 12306(2) 13151(1) 13155(2) 13156(2) 13663(1) 13669(2) 14138(1) 14508(1) 15773(2)
1410;4;40;44;593(2) 917(2) 1047(2) 2537(2) 2870(2) 3244(2) 3894(2) 4020(2) 4341(2) 4648(2) 4861(2) 4913(2) 4970(2) 5271(1) 5277(1) 5696(2) 5866(2) 5870(2) 5874(2) 5920(2) 5968(2) 6525(2) 7045(2) 8096(2) 8234(2) 8518(2) 8659(2) 8767(2) 9996(2) 10549(2) 10679(2) 12127(2) 12170(2) 12360(2) 12398(2) 12468(2) 13479(2) 13859(2) 14339(2) 14698(1) 14971(2) 15115(1) 15699(2) 15843(2)
11656;11;33;44;480(2) 630(2) 1597(2) 1756(2) 1985(2) 1989(1) 2083(1) 2157(2) 2621(2) 2804(2) 2886(2) 2998(2) 3565(2) 3688(2) 3768(2) 3945(2) 4004(2) 4084(1) 4101(1) 4107(2) 4318(1) 5207(2) 5351(2) 5562(2) 6408(2) 7226(1) 7263(2) 7636(2) 7881(1) 8459(2) 9114(1) 9275(1) 9796(2) 9797(2) 10169(1) 10552(2) 12599(1) 12949(2) 13314(2) 13331(2) 14022(2) 14615(2) 14954(2) 15697(2)
2772;6;38;44;340(2) 1219(2) 1235(1) 1581(2) 1607(2) 1680(2) 2123(1) 2390(2) 2704(2) 4666(2) 4713(1) 4714(2) 4717(2) 4719(1) 4856(2) 5657(2) 5876(2) 6600(2) 7177(2) 7891(2) 7942(2) 8299(2) 8562(2) 8620(2) 8783(2) 8821(2) 9291(2) 9403(2) 9509(2) 9524(2) 9990(2) 10251(2) 10305(2) 10853(2) 11068(2) 11746(2) 12355(2) 12883(1) 13232(2) 14121(1) 14560(2) 15309(2) 15406(2) 15839(2)
2470;4;40;44;924(2) 1351(2) 1994(2) 2129(2) 2208(2) 3368(2) 3630(2) 4018(2) 4122(2) 4564(2) 4577(2) 4982(2) 5545(2) 5618(2) 6111(2) 6441(1) 7678(1) 7697(2) 8197(2) 8423(2) 8464(2) 9029(2) 10058(2) 10302(2) 11324(1) 11830(1) 11940(2) 12055(2) 12133(2) 12526(2) 12594(2) 12626(2) 13052(2) 13087(2) 13235(2) 13311(2) 13713(2) 14315(2) 14337(2) 14603(2) 14688(2) 14795(2) 15154(2) 15407(2)
44791;19;25;44;77(2) 385(1) 1320(2) 2164(2) 3394(2) 3913(2) 4069(2) 4307(2) 4378(1) 4548(1) 5750(2) 5751(2) 5755(1) 6859(2) 7194(2) 7225(1) 7780(2) 7793(1) 7887(2) 7918(2) 8171(1) 8731(1) 9369(1) 9674(1) 9699(1) 9701(1) 10360(2) 10423(1) 10681(1) 11062(1) 11096(2) 11158(1) 11162(1) 11250(2) 12258(1) 12279(2) 12773(2) 13728(2) 14325(2) 14378(2) 15240(2) 15321(2) 15683(2) 15909(1)
9039;10;34;44;757(2) 1570(2) 2161(2) 2453(1) 2988(2) 4941(2) 5804(2) 6548(2) 6549(2) 6611(2) 6627(2) 7106(1) 7486(2) 7788(2) 8360(2) 8363(2) 8366(1) 8465(2) 8715(2) 8849(2) 9156(2) 9916(1) 10540(2) 10697(1) 10880(2) 11528(2) 11757(2) 11924(1) 12002(2) 12373(1) 13137(2) 13265(2) 13446(1) 13785(2) 13893(2) 14047(2) 14048(2) 14621(1) 14837(1) 15036(2) 15338(2) 15563(2) 15670(2) 15738(2)
210;6;37;43;690(2) 1112(2) 4441(2) 6104(2) 9655(2) 9789(2) 9883(2) 10097(1) 10164(2) 10319(2) 10673(1) 11071(2) 11314(1) 11316(2) 11390(2) 11624(2) 11665(2) 11755(2) 11770(2) 12061(1) 12162(1) 12229(2) 12598(2) 12817(2) 13011(2) 13192(2) 13519(2) 13524(2) 13577(2) 14040(2) 14060(2) 14262(2) 14698(2) 15131(2) 15202(2) 15293(2) 15370(2) 15413(2) 15474(1) 15524(2) 15644(2) 15659(2) 15899(2)
7089;1;42;43;96(2) 108(2) 135(2) 762(2) 779(2) 1394(2) 1411(2) 1982(2) 2445(2) 2742(2) 3014(2) 3018(2) 3125(2) 3230(2) 4096(2) 4098(2) 4117(2) 4118(2) 4591(2) 5613(2) 6459(2) 6999(2) 7050(2) 7303(2) 7558(2) 8072(2) 8141(2) 8267(2) 8289(2) 8302(2) 8763(2) 8866(2) 9273(2) 9301(2) 9361(2) 9810(2) 13091(2) 13513(2) 13709(2) 13860(2) 14616(2) 14954(1) 15912(2)
19711;22;21;43;307(2) 566(2) 1152(1) 1686(1) 2332(1) 2465(2) 2800(1) 3055(1) 3952(2) 4039(2) 4273(1) 5731(2) 6270(1) 6281(1) 6458(2) 7489(1) 7931(1) 7954(2) 7967(2) 8252(2) 9212(1) 9345(2) 9420(1) 9734(2) 9934(1) 10200(2) 10695(2) 10811(1) 11228(1) 12095(2) 12115(2) 12303(1) 12331(2) 13221(1) 13835(1) 13926(2) 14175(1) 14429(2) 14707(1) 14979(1) 15861(2) 15973(2) 15993(1)
17847;19;24;43;800(1) 999(1) 1155(2) 1822(2) 1877(2) 2174(1) 2502(1) 2644(2) 2935(1) 4254(2) 4263(2) 4318(1) 5450(2) 5701(2) 5779(2) 5840(2) 6649(1) 6654(1) 7058(2) 8043(1) 8607(2) 9490(2) 10552(1) 10557(2) 10630(1) 10685(1) 10947(2) 11623(1) 11919(2) 12203(2) 12249(1) 12767(2) 12770(2) 12848(1) 12870(1) 13132(1) 13180(2) 13838(2) 13897(2) 14251(2) 15159(2) 15469(1) 15886(1)
2892;4;39;43;112(2) 455(2) 473(2) 499(2) 505(1) 656(2) 731(2) 932(2) 2581(2) 2946(2) 3179(2) 3501(2) 3677(2) 3745(2) 3757(2) 4271(2) 4314(2) 5873(2) 5917(2) 5994(2) 6055(2) 6226(1) 6556(2) 6688(2) 6710(2) 6905(2) 6972(2) 7400(2) 8094(1) 9522(2) 9620(2) 10175(2) 11117(2) 11421(2) 11514(2) 11712(2) 11876(2) 11992(1) 12125(2) 12272(2) 14152(2) 15297(2) 15876(2)
10765;9;33;42;173(2) 249(2) 289(2) 348(1) 380(1) 386(2) 464(2) 465(2) 478(2) 482(2) 494(2) 495(2) 517(2) 775(2) 853(2) 2146(2) 3970(2) 4654(1) 5239(2) 5292(2) 5294(2) 5375(1) 6106(1) 6410(2) 7476(2) 7908(2) 9426(2) 9440(2) 9506(2) 9507(1) 9712(2) 10046(2) 10173(2) 10590(1) 11758(2) 12293(2) 13326(2) 13420(1) 14190(2) 14192(2) 15250(2) 15435(1)
22672;4;38;42;781(2) 810(2) 1074(2) 1237(2) 1703(2) 1957(2) 2349(2) 2426(2) 2812(2) 2819(2) 2831(1) 3441(2) 3664(2) 3681(2) 4013(1) 4170(2) 4342(2) 4989(2) 5011(2) 5251(2) 5252(2) 5296(2) 5302(2) 5320(2) 5328(2) 5402(2) 5669(2) 5922(1) 6652(2) 7609(2) 8250(2) 8424(2) 10869(2) 11553(1) 11602(2) 12953(2) 13017(2) 13530(2) 14168(2) 14313(2) 15451(2) 15452(2)
4386;7;35;42;862(2) 1106(2) 1108(2) 1131(2) 1152(2) 1253(2) 3039(2) 3055(2) 4127(2) 4273(2) 4298(2) 6093(2) 6281(2) 7008(1) 7069(2) 7463(2) 7489(2) 7931(2) 8873(1) 8922(2) 9023(1) 9212(2) 9934(2) 10087(2) 10468(2) 11548(1) 11961(2) 12303(2) 13320(2) 13692(2) 13835(2) 13889(2) 13921(2) 14184(1) 14352(1) 15041(2) 15142(2) 15191(2) 15277(2) 15398(2) 15642(1) 15993(2)
35304;10;32;42;270(1) 1274(2) 1312(2) 2766(2) 3698(2) 3821(2) 3977(1) 4130(2) 4139(2) 4725(2) 4754(2) 4755(2) 4756(2) 4758(2) 4759(2) 4820(2) 4890(1) 5319(2) 5337(1) 6005(1) 6400(1) 7173(2) 8421(2) 9226(2) 9563(2) 9761(2) 10626(2) 10943(2) 11083(2) 11343(1) 12565(2) 12633(2) 12641(1) 13005(1) 13010(2) 13283(2) 14643(1) 14935(2) 15185(2) 15471(2) 15928(2) 15982(2)
351;15;26;41;232(1) 501(1) 962(2) 1839(2) 2554(2) 2903(1) 2929(2) 4452(2) 4785(2) 5672(1) 5837(2) 6929(2) 6944(2) 7272(2) 7946(2) 8166(1) 8258(2) 8268(2) 8322(2) 8376(1) 9113(1) 9513(2) 9605(1) 9855(2) 10761(1) 11007(1) 11050(2) 11267(2) 11908(1) 11951(1) 12875(2) 13110(2) 13580(2) 13925(1) 14043(2) 14154(2) 14340(1) 14355(2) 15651(2) 15652(1) 15666(2)
818;19;22;41;206(2) 571(2) 579(1) 795(1) 1717(2) 2165(1) 2714(2) 2845(1) 2846(1) 2889(2) 2890(2) 3148(2) 3435(2) 4071(2) 4793(2) 4884(2) 6304(1) 6511(2) 7544(1) 7546(1) 7833(2) 8591(1) 8836(1) 9311(2) 9571(1) 9618(1) 9835(1) 10322(2) 10601(1) 10807(2) 11103(2) 11202(2) 11319(2) 11359(2) 11437(1) 12504(1) 13367(1) 14096(1) 14368(2) 15093(2) 15212(1)
5254;8;33;41;589(2) 803(2) 1246(2) 1309(2) 2173(2) 2176(1) 2482(2) 3006(2) 3851(1) 4088(2) 4097(2) 4115(1) 4124(2) 4840(2) 4940(1) 5167(1) 5607(2) 6091(2) 6092(1) 6134(1) 6409(2) 6488(2) 6665(2) 6690(2) 7049(2) 8483(1) 8535(2) 8835(2) 9145(2) 9198(2) 9206(2) 10692(2) 10701(2) 10891(2) 13222(2) 13312(2) 14123(2) 14135(2) 14136(2) 14149(2) 15951(2)
12443;1;40;41;302(2) 1532(2) 1898(2) 2352(2) 2588(2) 2613(2) 2628(2) 2629(2) 2630(2) 2631(2) 2632(2) 3822(2) 3887(2) 4435(2) 4436(2) 5178(2) 5385(2) 5387(2) 6616(2) 6852(2) 7433(2) 7461(2) 7514(1) 8010(2) 8261(2) 8746(2) 9347(2) 10050(2) 10984(2) 11055(2) 11059(2) 11060(2) 11061(2) 11094(2) 11691(2) 12587(2) 13039(2) 13058(2) 14840(2) 15529(2) 16018(2)
2453;9;32;41;199(1) 355(2) 1774(2) 2132(2) 2293(2) 2600(2) 2609(2) 2865(2) 4817(1) 4827(2) 4853(1) 5044(1) 5179(2) 5624(2) 5741(2) 6623(2) 7650(2) 8185(2) 8281(2) 8402(2) 8710(2) 8736(2) 8774(2) 9231(2) 9232(2) 10479(2) 10592(2) 11337(2) 11339(1) 12682(1) 12728(2) 12847(2) 13132(1) 13599(2) 13660(2) 13969(2) 14104(2) 14105(2) 14449(2) 15427(1) 15783(1)
34532;15;26;41;278(1) 475(1) 800(1) 910(2) 1066(2) 1585(2) 2723(2) 3835(2) 4075(2) 4081(2) 4089(1) 4090(2) 4101(2) 4318(1) 4730(2) 6010(2) 7215(2) 7226(2) 7263(1) 7881(2) 8011(2) 8497(2) 8575(2) 8764(2) 9275(1) 10169(1) 11143(1) 11233(1) 11243(2) 11306(2) 11906(2) 11982(1) 12097(2) 13254(2) 13520(1) 13860(1) 13890(2) 13897(1) 14741(2) 15656(1) 15752(2)
7023;12;29;41;254(2) 693(2) 1026(2) 1251(1) 1252(2) 1300(2) 2594(1) 3213(1) 3550(2) 4143(2) 4479(2) 4889(2) 5421(2) 5756(2) 7556(1) 7643(1) 8027(2) 8028(2) 8029(2) 8467(2) 9330(2) 9707(1) 10021(2) 10059(2) 10085(2) 10095(2) 10137(2) 10141(1) 10142(2) 10332(1) 10606(2) 11331(2) 11766(1) 11987(2) 13450(2) 13706(2) 14626(1) 14859(1) 15243(2) 15350(2) 15404(1)
20668;28;13;41;97(1) 212(1) 256(2) 883(2) 1028(2) 1229(2) 1233(1) 2935(1) 4208(1) 4318(1) 4438(1) 4664(1) 4736(1) 4811(1) 4822(2) 5451(1) 5895(2) 6023(1) 6605(1) 7048(1) 7264(2) 8100(1) 8434(2) 8682(1) 8709(2) 9392(2) 10060(1) 10484(1) 10589(1) 11551(1) 11615(1) 12064(1) 12883(1) 13003(2) 13132(1) 13307(1) 13443(2) 13608(2) 14016(1) 15134(1) 15867(1)
1032;2;38;40;704(2) 769(2) 1257(2) 1654(2) 2556(2) 3084(2) 3434(2) 3491(2) 3553(2) 3748(2) 3749(2) 3752(2) 3754(2) 4378(2) 4420(2) 4453(2) 5122(2) 5299(2) 5902(2) 5943(2) 6226(2) 6677(2) 6824(2) 6953(2) 7126(2) 7278(2) 7848(2) 8094(2) 8102(2) 8587(2) 9041(2) 9665(2) 11880(2) 12041(1) 12209(2) 12371(1) 12618(2) 12779(2) 12879(2) 15117(2)
14010;11;29;40;202(2) 361(2) 366(1) 441(2) 547(1) 1240(2) 1819(2) 2218(2) 2387(2) 2455(2) 2471(2) 2768(2) 3261(2) 3293(1) 3702(1) 3734(2) 4228(1) 4565(2) 4601(2) 5582(2) 6155(2) 6341(2) 6695(1) 6916(2) 7267(2) 7575(2) 7583(2) 8038(2) 8781(1) 9473(2) 9526(1) 10522(2) 10534(2) 10559(2) 10737(2) 11045(1) 11846(1) 12371(2) 14155(2) 15506(1)
67;0;40;40;350(2) 356(2) 414(2) 419(2) 456(2) 615(2) 727(2) 1048(2) 1632(2) 1970(2) 2195(2) 2346(2) 2492(2) 2570(2) 2643(2) 3647(2) 3732(2) 4205(2) 4269(2) 4375(2) 4910(2) 4927(2) 5345(2) 5598(2) 6249(2) 6495(2) 6514(2) 6669(2) 7041(2) 7116(2) 7224(2) 7319(2) 7469(2) 7888(2) 8056(2) 8061(2) 8544(2) 8630(2) 8829(2) 9169(2)
20926;18;22;40;203(2) 871(2) 1157(2) 2245(2) 2525(2) 2866(2) 2908(2) 3601(2) 3738(1) 4403(1) 4631(1) 4650(2) 5317(2) 5427(2) 5868(1) 6382(2) 6456(2) 7286(1) 7665(1) 8676(1) 9123(2) 9223(1) 9727(2) 9742(1) 10104(2) 10158(1) 10225(1) 10655(2) 10656(2) 10908(2) 11049(1) 11352(1) 11809(2) 13121(2) 13746(2) 13952(1) 14007(1) 14469(1) 15977(1) 16031(1)
2633;15;24;39;1753(2) 2382(2) 2997(1) 3711(2) 3882(2) 4240(1) 4575(1) 5371(1) 5502(2) 5509(1) 5918(1) 6513(2) 6848(2) 7108(2) 7582(2) 7599(1) 7665(1) 7706(2) 7860(2) 8177(1) 9487(2) 10860(2) 11049(1) 11422(1) 11842(2) 12882(1) 13089(2) 13258(2) 13589(2) 13879(2) 13999(2) 14034(2) 14259(2) 14533(1) 15336(2) 15337(2) 15448(2) 15516(1) 15636(1)
4237;16;23;39;1172(1) 1734(2) 3136(2) 3197(2) 3616(2) 4149(1) 4345(2) 5070(2) 6030(2) 6508(2) 7008(2) 7280(1) 8167(1) 8893(2) 9212(1) 10151(2) 10558(2) 11135(2) 11308(2) 11611(1) 11631(1) 12329(2) 12678(2) 12874(2) 13215(2) 13827(2) 13835(1) 14184(1) 14880(1) 14956(2) 15191(1) 15251(1) 15301(1) 15550(1) 15642(2) 15731(1) 15816(1) 15902(2) 16024(2)
34486;15;24;39;572(2) 1636(1) 2013(2) 2256(1) 2701(2) 2796(2) 3002(2) 3003(2) 3146(2) 4619(1) 4704(2) 4784(2) 5158(1) 6726(1) 6935(1) 7013(2) 8237(2) 8900(2) 8997(2) 9012(2) 9510(1) 9872(1) 10380(2) 10453(2) 11144(2) 11210(2) 11219(1) 11960(2) 12197(2) 12420(1) 12896(2) 13667(2) 13678(2) 13794(1) 13835(1) 14505(2) 14598(1) 15704(1) 16027(1)
4394;9;29;38;255(2) 3032(1) 3178(2) 4268(2) 4350(1) 4706(1) 5082(2) 5241(2) 5336(2) 5571(2) 5807(2) 6516(2) 6560(2) 8139(2) 8171(1) 8765(2) 9046(2) 9528(2) 10476(2) 10792(2) 11107(2) 11222(2) 12062(2) 12221(2) 12235(2) 12713(2) 13235(1) 13466(1) 13529(2) 13909(1) 14017(2) 14813(2) 14964(2) 15044(2) 15619(2) 15855(2) 15865(1) 15909(1)
8609;9;29;38;100(2) 519(2) 687(2) 1422(2) 1902(2) 4014(2) 4839(2) 4935(2) 6291(2) 7211(2) 7991(2) 8745(2) 9595(2) 9904(1) 10084(2) 10636(2) 10745(2) 10780(2) 10950(1) 11324(2) 11747(2) 11940(1) 12239(1) 12379(2) 12425(2) 12442(2) 12522(1) 12763(2) 12834(2) 13101(2) 13176(1) 13235(1) 14547(2) 15049(2) 15151(1) 15152(1) 15754(2) 15894(2)
6733;11;27;38;237(2) 1463(2) 2677(2) 3668(2) 4456(2) 4549(2) 4605(2) 4606(2) 4637(1) 4649(2) 4653(1) 5306(2) 5314(1) 5323(2) 5325(2) 5328(1) 5605(2) 5614(2) 5922(2) 5945(2) 5963(2) 7024(1) 8325(2) 8356(1) 8706(1) 9251(2) 9379(1) 9767(2) 9949(1) 10564(2) 11220(2) 11424(1) 11580(2) 13002(1) 13013(2) 13014(2) 15511(2) 15748(2)
4986;18;20;38;479(2) 861(1) 1490(2) 1973(2) 2422(2) 3029(2) 3448(2) 3725(1) 3932(1) 4086(2) 4287(2) 4459(2) 4703(2) 4913(1) 5456(2) 6582(2) 6590(2) 6707(1) 6755(1) 7535(2) 7737(2) 8117(2) 8249(1) 8581(1) 8767(1) 8778(2) 8792(2) 9619(1) 9946(2) 11000(1) 11485(1) 11908(1) 12962(1) 12967(1) 12986(1) 13148(2) 15115(1) 15462(1)
13611;15;23;38;308(1) 336(2) 338(2) 1094(2) 1614(1) 2326(2) 2563(2) 2773(2) 2838(2) 2942(2) 3307(1) 3378(1) 3560(1) 4316(1) 4318(1) 4363(1) 4381(2) 4588(2) 4593(2) 4835(2) 5055(2) 5429(1) 5785(2) 6422(1) 8069(1) 9446(2) 9489(1) 9801(2) 10054(2) 10260(2) 10265(2) 10556(2) 10713(2) 11396(2) 11599(2) 12307(1) 13615(1) 15198(1)
18127;10;28;38;90(1) 682(2) 850(1) 1683(1) 2698(2) 3396(1) 3493(1) 3706(2) 4000(1) 4111(2) 4220(2) 4414(1) 4524(2) 5652(2) 5767(2) 6322(1) 6583(2) 8019(2) 8120(2) 8415(2) 8694(2) 8879(2) 9698(2) 10290(1) 10527(2) 10955(2) 11322(1) 12041(2) 12460(2) 12895(2) 13143(2) 14380(2) 14381(2) 14652(2) 15128(2) 15137(2) 15328(2) 15394(2)
14096;12;26;38;252(2) 328(2) 921(1) 1162(2) 1979(2) 2034(2) 2356(2) 2423(2) 2514(2) 2526(2) 2616(1) 2815(2) 2816(2) 3069(2) 3075(1) 3099(2) 3449(1) 3481(2) 3496(2) 3708(1) 4925(2) 5137(1) 6445(1) 6631(2) 6646(2) 6776(1) 6813(1) 7029(2) 7134(2) 7273(1) 7274(2) 8206(2) 8532(1) 9143(2) 11576(2) 12424(2) 12883(1) 12997(2)
2660;6;32;38;577(2) 2899(2) 3788(2) 3848(2) 3875(2) 3909(2) 3947(2) 4110(2) 4791(2) 4892(2) 5661(2) 5711(2) 5955(2) 6708(1) 7786(2) 7974(2) 8090(1) 8370(2) 8461(2) 9290(1) 9542(1) 10041(2) 10191(2) 10568(2) 11925(2) 12006(2) 12580(2) 12684(2) 13374(2) 13540(2) 14373(2) 14575(2) 14638(1) 14733(2) 14735(2) 15824(2) 15997(2) 16012(1)
11158;17;21;38;617(1) 1109(2) 1118(2) 1589(2) 1627(1) 2203(2) 2498(1) 2541(1) 3217(2) 3218(1) 3746(1) 4040(2) 4608(1) 4663(2) 5782(1) 6047(2) 6170(2) 6349(1) 6353(1) 6454(2) 7067(2) 7794(2) 8199(2) 8503(1) 8563(2) 8698(1) 9170(1) 10195(2) 10580(2) 10676(1) 10727(2) 10949(1) 12287(2) 12471(1) 12679(2) 13870(2) 14955(2) 16033(1)
3543;26;12;38;90(1) 1211(2) 1341(1) 2568(1) 2653(1) 3162(1) 3493(1) 3513(2) 3637(1) 3758(1) 3766(1) 4009(2) 4814(1) 5047(1) 5381(1) 5629(2) 5639(1) 5716(2) 5719(1) 6021(1) 6024(1) 6256(1) 6257(1) 6322(1) 7524(1) 8058(1) 8529(1) 11034(2) 11185(2) 12581(2) 13656(2) 13673(1) 14076(2) 14653(1) 14873(2) 15268(1) 15270(2) 15859(1)
20317;21;16;37;276(1) 374(1) 618(2) 800(1) 1073(2) 2978(1) 3014(1) 3955(2) 3957(2) 4318(1) 4724(2) 5872(2) 6553(2) 6595(2) 6729(2) 7344(1) 7655(1) 8291(1) 8520(1) 8940(1) 9078(2) 9273(1) 9887(1) 10570(1) 10804(2) 11623(1) 12615(1) 12870(1) 12883(1) 13132(1) 13471(2) 13914(1) 13950(2) 14251(1) 15088(2) 15534(2) 15535(2)
8712;5;32;37;1365(2) 1592(2) 2211(2) 2655(2) 2967(2) 3956(2) 4101(1) 4256(2) 4351(2) 5014(2) 5357(2) 5664(2) 6058(2) 6302(2) 7032(2) 7085(2) 7861(2) 7938(2) 8003(2) 8575(1) 9063(2) 10169(1) 10253(2) 10550(2) 11227(2) 11643(1) 11756(2) 12067(2) 12172(2) 12315(2) 14000(2) 14386(2) 14943(2) 15104(2) 15656(1) 15669(2) 15908(2)
25420;12;25;37;991(2) 1739(1) 2055(2) 3731(2) 4798(2) 5590(2) 6039(2) 6149(2) 8097(2) 8125(1) 9278(2) 9717(1) 9872(2) 10047(2) 11387(2) 11398(1) 11416(2) 11589(1) 11611(1) 11814(2) 11840(1) 11898(2) 12213(2) 12294(2) 12420(2) 12505(2) 12576(2) 12678(1) 12786(2) 13115(2) 13496(1) 14958(2) 15543(2) 15731(1) 15853(2) 16029(1) 16046(1)
11016;20;17;37;1046(2) 1549(2) 1587(2) 1806(1) 2659(1) 3056(1) 3057(1) 4617(1) 4956(2) 5329(2) 5452(2) 5734(1) 6017(1) 6164(1) 6372(2) 6630(2) 6693(1) 7425(1) 7452(1) 7455(2) 8445(1) 8514(1) 8780(2) 9485(1) 9784(1) 10595(2) 11715(2) 11974(2) 12595(1) 12643(1) 12886(1) 13560(2) 13629(2) 14211(2) 15715(1) 15825(1) 15835(2)
20043;18;19;37;4(2) 383(2) 550(2) 800(1) 866(1) 876(2) 1082(2) 1499(2) 1827(2) 1869(2) 2172(2) 2935(1) 2978(1) 3485(2) 3977(2) 4318(1) 4916(2) 5950(2) 7253(1) 7787(2) 9990(1) 10061(2) 10610(1) 10709(2) 10850(2) 10933(1) 11392(1) 11621(1) 11623(1) 11776(2) 12275(1) 12870(1) 13132(1) 13284(2) 13367(1) 13897(1) 14896(1)
10905;5;31;36;182(2) 541(2) 800(1) 1165(2) 2018(2) 2251(1) 2254(2) 2799(2) 2827(2) 2841(2) 3595(2) 4291(2) 4318(1) 4710(2) 4744(2) 5298(2) 5883(2) 5998(2) 6007(2) 6522(2) 6526(2) 6691(2) 7192(2) 7235(2) 7430(2) 8034(2) 9383(2) 9435(2) 10585(2) 10586(1) 11233(2) 11755(1) 12077(2) 12682(2) 14434(2) 14440(2)
1446;1;35;36;796(2) 1042(1) 1343(2) 1372(2) 1446(2) 3233(2) 3880(2) 4371(2) 4458(2) 5039(2) 6114(2) 6427(2) 6606(2) 6682(2) 6706(2) 6808(2) 7252(2) 7680(2) 7796(2) 7808(2) 8044(2) 8482(2) 9686(2) 9703(2) 10544(2) 10545(2) 11155(2) 12872(2) 13032(2) 13597(2) 14148(2) 15554(2) 15565(2) 15797(2) 15916(2) 15917(2)
2;5;31;36;721(2) 1467(1) 2668(2) 3182(1) 3361(2) 4339(2) 4587(2) 5746(2) 6855(2) 7000(1) 7655(2) 8006(2) 8249(2) 8448(2) 8628(1) 8656(2) 8826(2) 9124(2) 9250(2) 9471(2) 9718(2) 11168(2) 11313(2) 11583(2) 11654(2) 12663(2) 12664(2) 12883(2) 13508(1) 13795(2) 14009(2) 14124(2) 14705(2) 14773(2) 14878(2) 15573(2)
7969;12;24;36;1076(1) 1290(2) 1345(2) 1914(1) 3618(2) 3689(2) 3796(2) 3840(2) 5636(2) 5720(2) 8702(1) 9009(2) 10379(2) 11247(2) 12020(2) 12153(2) 12522(1) 12596(2) 12626(1) 12854(2) 13132(1) 13147(2) 13280(1) 13468(2) 13605(2) 13661(1) 13748(2) 13897(1) 14025(1) 14164(2) 14685(1) 14723(2) 14768(2) 15214(2) 15216(1) 15469(2)
8266;17;19;36;140(2) 1295(2) 2026(2) 3449(1) 4079(2) 4165(1) 5253(1) 5346(1) 5641(1) 5685(2) 5702(2) 6413(2) 6443(2) 7210(2) 7273(1) 7529(2) 7919(2) 8538(1) 8539(1) 8596(1) 8647(2) 9297(1) 9349(2) 10346(1) 10680(2) 11039(2) 11367(1) 11732(2) 12805(1) 12883(1) 13481(1) 13939(2) 15365(1) 15483(1) 15637(2) 15837(2)
349;12;24;36;81(2) 101(2) 115(2) 133(2) 463(1) 584(1) 801(1) 1080(2) 2483(2) 2983(2) 3272(2) 3444(2) 4035(2) 4528(2) 5060(1) 5200(1) 5410(2) 6211(2) 6406(1) 7665(1) 7762(1) 7847(2) 9346(2) 10633(2) 10711(2) 11314(1) 11381(2) 11850(2) 11908(1) 12101(1) 12591(2) 12935(2) 13226(1) 13248(2) 14391(2) 15038(2)
19180;11;25;36;118(2) 234(2) 311(1) 1095(1) 1709(1) 1758(2) 1890(2) 2083(2) 2504(1) 3763(1) 4061(2) 4318(1) 4551(2) 4673(2) 4689(1) 4709(2) 5489(2) 5851(2) 6209(2) 6378(1) 6397(2) 6404(2) 7517(2) 7532(2) 8469(2) 8487(2) 8877(2) 9114(2) 9952(2) 12599(2) 12601(2) 12617(2) 12767(1) 13299(2) 15172(1) 15212(1)
147;0;35;35;1668(2) 1718(2) 2209(2) 2560(2) 4054(2) 5352(2) 6467(2) 7227(2) 7345(2) 7348(2) 7349(2) 7358(2) 8558(2) 9017(2) 9738(2) 9756(2) 10220(2) 10366(2) 10400(2) 10796(2) 11407(2) 12296(2) 12389(2) 13233(2) 13234(2) 13712(2) 13830(2) 13844(2) 14691(2) 14700(2) 14706(2) 14715(2) 14792(2) 15532(2) 15875(2)
3291;7;28;35;895(1) 1025(2) 1149(2) 1206(2) 1210(2) 1340(2) 1611(1) 2256(1) 2810(2) 3416(2) 3479(2) 5042(2) 5155(2) 5156(2) 5160(2) 5537(2) 6814(1) 7309(2) 7310(2) 8548(2) 8760(2) 9152(2) 9348(2) 10415(2) 11219(1) 12039(2) 12803(2) 12904(2) 12953(1) 12996(2) 13975(2) 14098(2) 14483(2) 15940(2) 16027(1)
2465;8;27;35;200(2) 515(2) 1004(2) 2061(2) 2125(2) 2437(2) 2566(2) 3226(1) 3346(2) 3531(2) 4971(2) 5384(1) 5386(2) 5401(2) 6220(2) 6575(1) 6962(1) 7594(2) 8006(1) 8026(1) 8739(2) 8949(2) 10271(2) 10334(2) 10359(2) 10910(2) 11373(2) 12376(2) 12655(1) 12826(2) 13107(2) 13943(1) 14030(2) 14980(2) 15335(2)
21790;15;20;35;385(1) 468(2) 518(2) 524(2) 1182(1) 2542(2) 2708(2) 3883(2) 3971(2) 4105(2) 4434(2) 4523(1) 4639(1) 4899(2) 5597(1) 6615(1) 6639(2) 6687(1) 7625(2) 7793(1) 9369(2) 9962(2) 10345(2) 10642(1) 10681(1) 11250(1) 11329(2) 11619(2) 12258(1) 12369(1) 14750(2) 15065(1) 15100(2) 15891(2) 15909(1)
355;1;33;34;534(2) 729(2) 1064(2) 1261(2) 1760(2) 2264(2) 3799(2) 3908(2) 5003(2) 5060(2) 5185(2) 6434(2) 6644(2) 6655(2) 7129(2) 7460(2) 7748(2) 7765(2) 8004(2) 8855(2) 9019(2) 10350(2) 10516(2) 11040(2) 11787(2) 14119(2) 14126(2) 14130(1) 14140(2) 14141(2) 14453(2) 14637(2) 15341(2) 15954(2)
523;0;34;34;582(2) 1414(2) 1750(2) 1832(2) 3574(2) 5521(2) 6183(2) 6214(2) 6271(2) 6857(2) 7651(2) 7659(2) 7671(2) 8181(2) 8284(2) 8395(2) 8824(2) 9377(2) 10395(2) 11511(2) 11794(2) 11795(2) 12942(2) 13178(2) 13251(2) 13384(2) 13505(2) 13546(2) 13803(2) 13823(2) 14220(2) 14591(2) 14660(2) 14922(2)
8399;10;24;34;490(2) 1267(2) 3641(1) 4734(2) 4780(2) 4874(2) 5932(2) 6098(2) 6117(2) 6119(2) 6120(2) 6121(2) 6177(2) 6934(1) 7792(1) 8339(2) 9109(2) 9937(1) 9949(1) 10177(2) 10179(1) 11206(2) 12150(2) 12661(1) 13132(1) 13274(2) 13421(1) 13679(2) 13740(1) 13882(2) 14361(2) 14701(2) 15148(2) 15962(2)
29491;14;20;34;190(2) 909(2) 912(1) 992(2) 2084(2) 2378(1) 2699(2) 2834(2) 2961(2) 3372(2) 4350(1) 4520(2) 5569(2) 5597(1) 5778(2) 6638(2) 7003(2) 7780(1) 8294(1) 8303(2) 8323(2) 8917(1) 9799(2) 10642(1) 10733(2) 11254(1) 11976(1) 12218(2) 12258(1) 13285(1) 15200(2) 15397(2) 15842(1) 15909(1)
8353;8;26;34;109(2) 492(2) 697(2) 1363(2) 1947(2) 3815(2) 4518(2) 5413(2) 5414(2) 5415(2) 5416(2) 5498(2) 6962(1) 6997(2) 7279(2) 9282(2) 10750(2) 10751(2) 10753(2) 11571(2) 12343(1) 12443(2) 12510(2) 12537(1) 13088(1) 13278(2) 14167(1) 14760(2) 15649(2) 15678(1) 15793(2) 15794(2) 15795(1) 15796(1)
999;0;34;34;283(2) 409(2) 953(2) 1071(2) 1124(2) 1520(2) 1599(2) 2009(2) 2014(2) 2429(2) 2430(2) 2524(2) 2709(2) 3459(2) 3622(2) 3772(2) 4483(2) 4485(2) 4567(2) 4573(2) 5106(2) 5432(2) 5455(2) 6785(2) 6865(2) 6874(2) 7569(2) 8507(2) 8718(2) 8753(2) 8766(2) 9466(2) 10883(2) 11032(2)
1902;2;32;34;1017(2) 1172(1) 1355(2) 1634(2) 1828(2) 2298(2) 3502(2) 3547(2) 4058(2) 4801(2) 6144(2) 6151(2) 6244(2) 6503(2) 6510(2) 6948(2) 7056(2) 7068(2) 7079(2) 7280(2) 8259(2) 8480(2) 8793(2) 9081(2) 9356(2) 10952(2) 10963(2) 11101(2) 11631(2) 11808(2) 12686(2) 13919(2) 15036(1) 15238(2)
15175;9;25;34;1160(2) 1724(2) 1955(2) 2010(2) 2309(2) 2335(2) 3135(1) 3249(1) 3254(2) 4329(2) 4767(2) 4819(2) 6371(1) 7493(2) 7496(2) 7534(2) 8353(2) 8478(1) 10216(2) 10798(2) 10799(2) 11130(2) 11473(2) 11975(2) 12394(1) 12705(2) 12740(1) 13793(1) 14310(1) 14464(2) 14703(1) 14850(2) 14888(2) 14973(2)
4463;13;21;34;334(1) 736(1) 1043(2) 2451(2) 3495(2) 4335(2) 4396(2) 4702(2) 4834(1) 4844(1) 4846(2) 6165(2) 6879(2) 7573(2) 7950(1) 8711(2) 8880(2) 9532(1) 9900(2) 10119(2) 10383(1) 10840(2) 12126(1) 12724(1) 13408(2) 13869(2) 14606(2) 15086(1) 15188(1) 15586(2) 15658(2) 15851(2) 15883(1) 15900(1)
8761;15;19;34;597(1) 1603(2) 2549(2) 2637(1) 3870(2) 4877(2) 5557(2) 7000(1) 7489(1) 8631(2) 8662(1) 8984(1) 9641(1) 9713(2) 10312(1) 10856(1) 11020(2) 11462(1) 11537(1) 11543(2) 11632(2) 11965(2) 12206(2) 12832(2) 13347(2) 13554(1) 13822(2) 14127(2) 14128(2) 14133(1) 14243(2) 14396(2) 14411(1) 15848(1)
44384;19;15;34;150(2) 275(2) 1227(1) 1254(1) 2044(2) 2512(1) 2601(2) 3307(1) 3708(1) 4235(2) 4318(1) 4404(2) 4742(2) 5123(2) 7000(1) 8045(2) 8540(1) 9077(1) 9374(1) 10875(2) 11361(2) 11444(2) 11864(1) 11956(2) 12347(1) 12883(1) 12957(2) 12959(1) 13077(1) 13432(2) 13541(1) 13896(1) 15365(1) 15518(1)
46391;22;12;34;905(2) 1233(1) 1582(1) 3307(1) 3430(1) 3708(1) 5437(1) 5567(1) 5846(2) 7655(1) 7855(2) 8448(1) 9781(2) 10346(1) 10838(1) 11319(1) 11470(1) 11623(1) 11886(2) 12216(2) 12728(1) 12870(1) 13044(2) 13541(1) 13897(1) 14035(2) 14851(1) 14940(1) 14961(2) 14962(1) 15302(2) 15574(2) 15856(2) 15864(1)
1753;4;29;33;123(2) 533(2) 646(2) 700(2) 737(2) 1235(2) 2123(2) 2704(1) 4379(2) 4712(2) 4713(2) 4715(2) 4716(2) 4717(1) 4718(2) 4719(2) 4720(2) 5733(2) 6095(2) 6505(2) 7082(2) 7368(2) 8783(1) 8895(2) 8896(2) 8897(2) 9291(1) 10723(2) 12609(2) 12610(2) 13595(2) 14003(2) 15934(2)
15931;20;13;33;844(1) 948(2) 1426(1) 1752(2) 1879(2) 3114(2) 3119(2) 3138(1) 3641(1) 4180(1) 5003(1) 5137(1) 5567(1) 5693(2) 6235(2) 6409(1) 6575(2) 7495(2) 8026(1) 8855(1) 10111(1) 10900(2) 12516(1) 12870(1) 12883(1) 13310(1) 13508(1) 13632(1) 13868(2) 14137(2) 14918(2) 15341(1) 15864(1)
18152;8;25;33;105(1) 403(2) 644(2) 805(1) 1053(2) 2500(2) 2789(1) 2792(2) 4917(2) 6233(2) 6970(1) 7612(1) 7803(2) 8238(2) 8359(2) 8361(2) 8362(2) 9933(2) 10470(1) 10512(2) 10594(2) 10637(2) 11184(1) 11460(2) 11926(2) 13550(2) 13769(2) 14849(2) 14906(2) 15537(2) 15560(2) 15698(2) 15904(1)
37723;18;15;33;171(2) 973(1) 2518(2) 2637(1) 2691(1) 2850(2) 2864(2) 3058(1) 3307(1) 4318(1) 4421(2) 5827(2) 6176(2) 6366(2) 7000(1) 7634(1) 11428(1) 11558(2) 12284(1) 12406(2) 12411(2) 12680(2) 12870(1) 13132(1) 13415(2) 13500(1) 13749(2) 13897(1) 14756(1) 15145(1) 15576(2) 15719(1) 15834(1)
15148;13;20;33;373(2) 2597(2) 2991(1) 4777(2) 5019(1) 5070(1) 6051(2) 6099(1) 6602(2) 8154(1) 8473(2) 8557(1) 8751(1) 9587(2) 10388(2) 10499(1) 10806(2) 10813(2) 11492(2) 11629(1) 12225(2) 12748(2) 12900(2) 13112(2) 13264(2) 13979(2) 14100(2) 14218(2) 14292(1) 14880(1) 14986(2) 15636(1) 15964(1)
16536;11;22;33;78(2) 617(1) 831(2) 2249(2) 2470(2) 3091(2) 3334(1) 4604(2) 4898(1) 5070(1) 5649(2) 6653(1) 6843(2) 7520(1) 7849(1) 8414(1) 8667(2) 8962(2) 9929(2) 11832(2) 12742(2) 12776(2) 13504(2) 13861(1) 13862(1) 13871(2) 13942(2) 13980(2) 14214(1) 14625(2) 15103(2) 15245(2) 15551(2)
18520;14;19;33;318(1) 520(2) 601(2) 986(2) 1278(2) 1602(2) 2593(1) 2652(1) 3166(2) 3277(2) 3551(2) 4680(2) 5016(2) 5017(2) 5508(1) 5763(1) 7456(2) 7464(2) 8077(2) 8176(1) 8241(1) 8502(1) 9616(2) 10230(1) 11453(1) 11727(1) 12571(2) 12782(2) 13590(1) 14571(1) 14934(2) 15266(2) 15304(1)
9292;0;33;33;91(2) 2190(2) 2531(2) 3037(2) 3110(2) 4011(2) 4029(2) 4918(2) 5811(2) 6045(2) 6284(2) 9101(2) 9445(2) 9719(2) 9925(2) 10198(2) 10675(2) 11273(2) 11445(2) 11857(2) 11888(2) 12433(2) 12690(2) 12743(2) 12888(2) 14257(2) 14330(2) 14367(2) 14661(2) 14781(2) 14858(2) 15019(2) 15624(2)
9419;20;13;33;324(2) 971(2) 1651(1) 2097(1) 3537(2) 5019(2) 5070(1) 5478(1) 5896(2) 6252(2) 6299(2) 6857(1) 7137(1) 7856(1) 8154(2) 8394(1) 8557(1) 8751(2) 9587(1) 9710(2) 10499(1) 11629(2) 12112(1) 12217(2) 12874(1) 12882(1) 13704(1) 14013(2) 14292(1) 15247(1) 15627(1) 15636(1) 15964(1)
1100;14;18;32;400(2) 1792(1) 4245(2) 4326(2) 4976(2) 5227(2) 6086(2) 6140(2) 6300(2) 7556(2) 7729(2) 7868(1) 7934(1) 8503(2) 8598(2) 8785(2) 9126(2) 9317(1) 9651(1) 10179(1) 10835(1) 11506(1) 11838(2) 11988(1) 12674(2) 13416(1) 14099(1) 14247(1) 14859(2) 15242(2) 15811(1) 15865(1)
2122;18;14;32;199(1) 224(1) 266(2) 303(1) 320(2) 322(1) 323(2) 325(2) 326(1) 491(1) 1167(1) 1905(1) 3291(2) 3548(2) 4816(1) 5179(1) 5190(1) 6470(1) 7565(2) 8613(1) 9406(1) 9413(1) 9414(1) 9417(1) 9419(2) 10950(2) 11362(1) 11389(2) 11739(2) 12167(2) 13046(2) 15862(2)
10308;9;23;32;1614(2) 2773(1) 2942(1) 3106(2) 3307(2) 3378(2) 3399(1) 4318(1) 4388(2) 5040(2) 5725(2) 6422(2) 6681(2) 6954(2) 7131(2) 7184(2) 7508(1) 9436(2) 9446(1) 9597(2) 9776(2) 9801(1) 10030(1) 10385(2) 11238(2) 11356(2) 12940(2) 13441(1) 13670(2) 14806(2) 15026(2) 15195(2)
28487;12;20;32;266(1) 313(2) 1201(2) 1225(1) 1369(1) 1526(2) 1974(2) 2368(2) 2617(2) 2756(2) 3076(2) 3708(1) 3884(2) 4988(2) 5067(2) 7920(2) 9359(1) 9969(1) 9991(2) 10039(2) 11166(1) 13131(1) 13508(1) 13762(2) 14004(2) 14181(2) 14549(1) 14725(2) 14895(1) 14897(1) 15926(2) 15959(2)
2979;2;30;32;357(2) 1824(2) 2202(2) 2355(2) 2686(2) 4416(2) 5105(2) 5561(2) 6003(2) 6337(2) 6350(2) 6355(2) 6577(2) 6828(1) 7115(2) 7123(2) 8313(2) 8504(2) 8655(2) 8669(2) 9035(2) 9129(2) 9200(2) 9239(2) 10548(2) 10828(1) 11260(2) 12094(2) 12657(2) 12838(2) 15180(2) 15803(2)
3900;4;28;32;995(2) 997(2) 999(2) 1000(2) 1011(2) 1013(2) 1016(2) 1258(2) 1762(1) 2067(2) 4056(2) 5546(1) 5683(2) 5697(2) 7825(2) 8521(2) 8582(1) 9034(2) 9190(2) 9525(2) 9813(2) 9838(1) 9840(2) 9843(2) 9849(2) 9860(2) 9861(2) 12890(2) 13881(2) 13953(2) 13983(2) 15663(2)
25694;13;19;32;574(1) 837(2) 1489(2) 1686(1) 2800(2) 4149(1) 4300(1) 5512(2) 6281(1) 6535(2) 7698(2) 7986(2) 8884(2) 9054(1) 9298(2) 9420(2) 9472(2) 11228(1) 11248(1) 12050(2) 13370(2) 13643(2) 13783(1) 13835(1) 14037(2) 14372(2) 14554(2) 14633(1) 15015(1) 15607(2) 15816(2) 16042(1)
12963;18;14;32;3(2) 12(2) 21(2) 27(1) 30(2) 31(2) 33(1) 36(1) 44(1) 48(1) 51(1) 58(1) 71(1) 3257(2) 3269(2) 5892(2) 6664(1) 6670(1) 9557(2) 9630(1) 10384(2) 11325(1) 11703(1) 12025(1) 12297(2) 12352(1) 13209(1) 13482(2) 13486(2) 13516(2) 14009(1) 16034(1)
11993;8;24;32;194(2) 981(1) 1021(2) 1209(2) 1337(2) 2625(2) 3554(1) 3684(2) 3685(2) 5546(1) 6263(2) 6491(2) 7432(2) 7826(1) 7836(2) 8149(2) 8193(2) 8989(2) 9164(1) 9534(2) 10153(2) 11070(2) 11194(2) 11248(2) 11490(2) 11995(1) 12271(2) 12413(1) 13334(2) 13806(2) 13815(2) 15072(1)
4838;19;13;32;221(2) 406(1) 2142(2) 2951(1) 3208(2) 3725(1) 3729(2) 3932(2) 4086(1) 4287(1) 5263(1) 5276(2) 5278(1) 6072(2) 6755(2) 8249(1) 8581(1) 9842(2) 9851(2) 9852(2) 11000(1) 11422(1) 11908(1) 12894(2) 12961(2) 12962(1) 12967(1) 13205(1) 15115(1) 15462(1) 15611(1) 15714(1)
272;6;26;32;428(2) 760(2) 1583(2) 1989(2) 2291(2) 2388(2) 5137(1) 5157(2) 5418(2) 6411(2) 6942(2) 7977(2) 8374(1) 8520(2) 8532(2) 9275(2) 9297(2) 9663(2) 10034(2) 11026(2) 11721(1) 11762(2) 12146(2) 12347(2) 12545(2) 12873(2) 12883(1) 13324(2) 13851(1) 14195(1) 15358(2) 15365(2)
51882;18;14;32;862(1) 1264(2) 1999(1) 2053(2) 2073(2) 2076(2) 2554(1) 3307(1) 3377(2) 3701(2) 4225(2) 4298(1) 5383(2) 5640(2) 5673(2) 5961(1) 7931(1) 8113(2) 8242(2) 10603(1) 10685(1) 11308(1) 12086(1) 12680(1) 13132(1) 13171(2) 13661(1) 13897(1) 14184(1) 14265(1) 14679(1) 14856(2)
347;21;10;31;2060(1) 2086(2) 2106(1) 2108(2) 2244(1) 2262(2) 2622(1) 2795(2) 3742(2) 3809(2) 5408(1) 7312(1) 7725(1) 7990(1) 8157(1) 8594(2) 8806(2) 9187(1) 9364(1) 9804(1) 10338(1) 10478(1) 10500(1) 10658(2) 10659(2) 10660(1) 10769(1) 11091(1) 12733(1) 14684(1) 15221(1)
323;2;29;31;232(2) 501(2) 957(2) 998(2) 2626(2) 2903(2) 2929(1) 3316(2) 5672(2) 5717(2) 6894(2) 7111(2) 8166(2) 8270(2) 8376(2) 8740(2) 9113(2) 9517(2) 9605(2) 9886(2) 10761(2) 11007(2) 11741(2) 11861(2) 11908(2) 11951(2) 12875(1) 13925(2) 14340(2) 14346(2) 15652(2)
35974;18;13;31;316(2) 1522(2) 2031(2) 2515(2) 3027(1) 3455(1) 3718(1) 3879(1) 3885(2) 3948(1) 3953(2) 4166(1) 5137(1) 5311(2) 5604(1) 5632(1) 5974(1) 6349(1) 6353(1) 7210(1) 9705(2) 9942(1) 10170(2) 11598(2) 12883(1) 13117(1) 14112(2) 14195(1) 14815(1) 15545(2) 15762(2)
3123;2;29;31;841(2) 1419(2) 3320(2) 3615(2) 3844(2) 3988(2) 4698(2) 4775(2) 5506(2) 6084(2) 6744(2) 7326(2) 7428(2) 7429(2) 7850(2) 8106(2) 8352(2) 8354(2) 8842(2) 9468(2) 10632(2) 11249(2) 11918(2) 12012(2) 12713(1) 13169(2) 13796(2) 13848(2) 13932(2) 14540(2) 14813(1)
158;0;31;31;347(2) 431(2) 1815(2) 2230(2) 4174(2) 4805(2) 5481(2) 5482(2) 5962(2) 6077(2) 6078(2) 7071(2) 7072(2) 7073(2) 7075(2) 7406(2) 7885(2) 8145(2) 8494(2) 8605(2) 8733(2) 8955(2) 9107(2) 9147(2) 11004(2) 11700(2) 13033(2) 14473(2) 14475(2) 14476(2) 14477(2)
18069;17;14;31;757(1) 2729(2) 3956(1) 4131(1) 5555(1) 5854(2) 5934(1) 6237(2) 6908(2) 7340(2) 7618(1) 7720(2) 8071(2) 8366(1) 8465(1) 8586(2) 8960(2) 8994(1) 9063(1) 9242(2) 10253(1) 10903(2) 11821(2) 11924(1) 12068(2) 12373(1) 13181(1) 14405(2) 14837(1) 15123(1) 15669(1)
5006;2;29;31;671(2) 672(2) 800(1) 1487(2) 2877(2) 3528(2) 4301(2) 4431(2) 4444(2) 4548(2) 5536(2) 5616(2) 5663(1) 6468(2) 8492(2) 9186(2) 10211(2) 10671(2) 10878(2) 11126(2) 11985(2) 12311(2) 12416(2) 12570(2) 12575(2) 12952(2) 13153(2) 14328(2) 14570(2) 14657(2) 14992(2)
9345;13;18;31;1406(1) 1964(2) 2127(2) 2263(2) 2322(2) 3941(2) 4201(2) 4295(2) 4514(1) 4768(1) 5530(1) 5602(1) 6014(2) 7985(2) 8738(1) 9056(1) 9401(2) 10097(1) 10149(2) 11033(2) 11472(2) 12072(2) 12409(1) 13576(2) 13603(2) 14430(2) 14519(1) 15004(2) 15207(1) 15295(1) 16032(1)
5753;7;24;31;227(1) 332(2) 911(1) 1697(1) 1709(1) 2535(2) 2781(2) 2784(2) 2785(2) 3411(2) 4026(2) 4885(2) 5037(2) 5834(2) 6115(2) 6133(2) 6817(2) 7219(2) 7421(2) 8278(2) 9483(2) 10663(2) 11044(2) 11190(1) 11887(1) 12066(2) 12608(2) 12870(1) 13355(2) 15527(2) 15664(2)
3963;19;12;31;381(2) 465(1) 478(1) 495(1) 771(1) 1330(1) 1978(1) 2715(2) 2818(2) 4278(1) 4280(1) 4315(1) 4350(1) 4654(1) 5327(1) 5663(1) 6105(2) 7537(1) 8121(1) 8850(2) 9371(2) 9445(1) 9449(2) 9500(2) 9507(1) 9802(2) 11758(1) 12351(2) 12445(2) 14813(1) 15435(2)
25308;17;14;31;1385(2) 3068(2) 3273(2) 6197(1) 7601(2) 8863(1) 9755(1) 9834(1) 10178(2) 10989(2) 11402(2) 11745(2) 12231(1) 12677(2) 12738(1) 12741(1) 12768(2) 12870(1) 13132(1) 13296(1) 13353(1) 13400(1) 13413(1) 13841(2) 13990(1) 13993(1) 13994(1) 14277(2) 15360(1) 15453(2) 15679(2)
17606;6;24;30;318(2) 510(2) 514(2) 1159(2) 2124(2) 2578(2) 2652(1) 2931(2) 2962(2) 4041(2) 5004(1) 5508(2) 6318(2) 8049(2) 8176(1) 8595(2) 9424(2) 10012(2) 10049(2) 11419(2) 11727(2) 12023(2) 12571(1) 12782(1) 13590(1) 14275(2) 14571(2) 14681(2) 15112(2) 15206(2)
1236;13;17;30;647(2) 684(1) 784(2) 2170(2) 2176(1) 2178(2) 2499(2) 2954(2) 3140(2) 3659(1) 4103(2) 4109(2) 4123(2) 4353(1) 4789(2) 5087(2) 5187(2) 7183(1) 7226(1) 7638(2) 10169(2) 11417(1) 11418(1) 12019(1) 12090(1) 12091(1) 12100(2) 12104(2) 12108(1) 15656(1)
1955;0;30;30;748(2) 819(2) 1022(2) 1281(2) 1400(2) 1781(2) 1789(2) 1833(2) 1932(2) 2219(2) 3271(2) 3892(2) 4367(2) 4424(2) 4433(2) 4739(2) 5205(2) 5796(2) 5847(2) 5857(2) 5858(2) 5859(2) 5860(2) 6301(2) 9245(2) 10358(2) 10377(2) 12299(2) 13463(2) 13464(2)
1605;2;28;30;471(2) 828(2) 956(2) 1728(2) 2639(2) 4391(2) 5818(2) 6801(2) 6968(2) 7939(2) 7947(2) 7957(2) 7966(2) 7968(2) 7976(2) 8429(2) 8873(2) 9165(2) 9218(2) 9882(2) 9903(2) 10493(1) 11232(2) 12256(2) 14309(2) 14786(2) 15976(2) 15978(2) 15984(2) 16043(1)
11063;10;20;30;1176(2) 3091(1) 3129(2) 3334(2) 3623(2) 4898(2) 4950(2) 5070(1) 5649(1) 5677(1) 6653(2) 7137(1) 7520(2) 7695(2) 7849(2) 7856(2) 8163(2) 8201(2) 8394(2) 8889(2) 11586(2) 11832(1) 12771(2) 13861(2) 13942(1) 13980(1) 14214(2) 15551(1) 16017(1) 16035(2)
4749;3;27;30;580(2) 1470(2) 2945(2) 3083(2) 3534(1) 3535(2) 5045(2) 5722(2) 6215(2) 8599(2) 10598(2) 11430(2) 11525(2) 11708(2) 11721(2) 11724(2) 11728(2) 11730(2) 12548(2) 12645(2) 12647(2) 12649(2) 12787(2) 13455(2) 13744(1) 13745(2) 13797(2) 14173(2) 14235(2) 15840(1)
15087;3;27;30;1006(2) 1197(2) 1732(2) 1923(2) 6194(2) 6228(2) 6269(2) 6354(1) 6419(1) 6617(2) 7927(2) 8526(2) 8697(2) 9067(2) 9454(2) 9697(2) 10248(2) 11146(2) 12429(2) 12484(2) 13337(2) 13351(2) 13494(2) 13863(2) 14590(2) 15182(2) 15557(1) 15709(2) 15826(2) 16011(2)
69762;19;11;30;354(2) 1623(1) 1883(2) 1945(2) 1993(1) 3656(1) 4087(2) 4301(1) 4333(1) 4400(1) 4548(1) 4743(2) 5663(1) 5721(2) 6674(1) 7151(1) 9661(1) 10016(1) 10211(1) 10255(2) 10474(1) 11175(2) 11971(2) 11972(1) 13229(2) 14454(1) 14732(1) 14750(1) 14813(1) 15455(2)
9469;4;26;30;1378(2) 1429(2) 1449(2) 1456(2) 1480(2) 1554(1) 2507(2) 2779(2) 4545(2) 4652(2) 6610(2) 7395(2) 8777(2) 9916(2) 10076(2) 10126(1) 10189(2) 10391(2) 10520(2) 10537(1) 10540(1) 10542(2) 10757(2) 10765(2) 11905(2) 13329(2) 13733(2) 13959(2) 14765(2) 16003(2)
2292;2;28;30;3295(2) 3300(1) 3408(2) 3410(2) 3475(2) 3476(2) 3584(2) 4964(2) 4966(2) 5941(2) 6262(2) 8035(2) 9026(2) 9182(2) 10126(2) 10128(2) 10646(2) 11521(2) 11522(2) 11686(2) 12300(1) 13429(2) 13751(2) 14517(2) 14588(2) 14687(2) 14737(2) 14779(2) 15616(2) 15746(2)
3761;0;30;30;286(2) 528(2) 1065(2) 1242(2) 1269(2) 1780(2) 2130(2) 2543(2) 2747(2) 3274(2) 3458(2) 4272(2) 4509(2) 4530(2) 4865(2) 6735(2) 7448(2) 7510(2) 7593(2) 8111(2) 8928(2) 9049(2) 9054(2) 10413(2) 11537(2) 12527(2) 15193(2) 15291(2) 15369(2) 15910(2)
34375;13;17;30;251(2) 931(2) 1145(2) 1194(1) 1660(2) 1716(1) 1963(2) 2028(2) 2030(2) 2727(1) 2956(2) 3591(2) 4350(1) 4373(2) 5451(1) 5736(2) 5755(1) 7381(2) 7917(1) 8032(1) 8138(1) 8784(2) 10016(2) 11072(2) 11105(2) 12004(1) 12250(2) 12258(1) 13315(1) 15525(1)
30310;17;13;30;417(2) 418(1) 781(1) 1408(2) 1467(1) 2406(1) 2475(1) 2521(2) 2820(1) 3911(1) 4543(2) 4549(1) 4637(2) 4653(1) 4992(1) 5297(2) 5878(2) 5945(1) 7239(2) 7995(2) 8315(1) 8424(1) 8674(2) 10965(2) 11207(1) 11594(1) 11777(2) 12761(1) 14769(1) 15475(2)
28316;15;15;30;1500(2) 1803(2) 2512(2) 4643(1) 4876(2) 5275(1) 7000(1) 7006(2) 8123(2) 8249(1) 8560(2) 9077(2) 9398(2) 9462(2) 9675(1) 9718(1) 11583(1) 11802(1) 11864(1) 12732(1) 12959(2) 12972(1) 12983(2) 13636(2) 14302(2) 14796(2) 14838(1) 14978(1) 15518(1) 15573(1)
1393;0;29;29;260(2) 448(2) 2377(2) 2682(2) 3897(2) 4620(2) 4869(2) 4943(2) 5043(2) 5861(2) 5899(2) 5951(2) 5952(2) 5953(2) 5954(2) 5957(2) 5958(2) 5959(2) 7586(2) 8661(2) 8687(2) 10839(2) 12032(2) 12691(2) 12731(2) 13037(2) 13261(2) 15588(2) 15609(2)
6184;1;28;29;993(2) 1010(2) 1457(2) 1740(2) 1778(2) 3201(2) 3786(2) 4676(2) 6709(2) 7554(2) 8379(2) 8523(2) 8628(2) 8934(2) 8988(2) 9747(2) 9822(1) 9846(2) 9847(2) 9848(2) 9968(2) 10618(2) 11081(2) 11192(2) 11382(2) 11383(2) 12593(2) 14252(2) 14512(2)
25507;16;13;29;360(2) 800(1) 1166(2) 2174(2) 3013(2) 4126(2) 4397(1) 4428(2) 9921(2) 10669(2) 10715(1) 11014(2) 11901(2) 12741(1) 12840(1) 12870(1) 13132(1) 13379(1) 13413(1) 13631(1) 13897(1) 13913(1) 14167(2) 15012(2) 15118(1) 15521(1) 15695(1) 15707(1) 15744(2)
427;3;26;29;352(2) 579(2) 638(2) 723(2) 795(2) 901(2) 1919(2) 2165(2) 2749(2) 2845(2) 2846(2) 2890(1) 4082(2) 4181(2) 4276(2) 4939(2) 6841(2) 7544(2) 7546(1) 7784(2) 8093(2) 8591(2) 9571(2) 9618(2) 9835(2) 11359(1) 11437(2) 12504(2) 14096(2)
674;5;24;29;8(2) 935(2) 1630(2) 4535(2) 4872(2) 5540(2) 5602(2) 6081(2) 7308(2) 7557(2) 7653(2) 8229(2) 8532(1) 8927(1) 9056(1) 9058(2) 9061(2) 9274(2) 9614(2) 10068(2) 10123(2) 10154(2) 11766(1) 12694(2) 12911(2) 13204(2) 14731(2) 15207(1) 15814(2)
4665;4;25;29;85(2) 696(2) 1951(2) 3828(2) 4934(2) 5027(2) 5029(2) 5030(2) 5031(2) 5460(2) 6303(2) 7616(2) 9268(2) 9290(1) 9380(2) 11334(2) 11874(2) 12710(2) 13135(2) 13414(2) 13964(2) 14689(2) 14893(2) 14913(2) 14950(2) 15086(1) 15115(1) 15216(1) 15827(2)
250;1;28;29;1987(2) 2236(2) 3417(2) 3428(2) 6962(2) 7375(2) 8129(2) 8719(2) 8720(2) 10749(2) 10861(2) 10994(2) 11125(2) 11544(2) 11996(2) 12343(2) 12535(2) 12537(2) 13088(2) 13175(2) 13255(2) 13526(2) 14027(2) 14415(2) 14620(2) 15678(2) 15794(1) 15795(2) 15796(2)
7074;1;28;29;422(2) 1929(2) 1950(2) 2294(2) 2379(2) 3794(2) 4227(2) 4688(2) 4690(2) 5096(2) 5149(2) 5862(1) 6479(2) 6509(2) 7200(2) 7208(2) 7536(2) 8400(2) 8442(2) 8727(2) 8734(2) 10440(2) 10997(2) 11854(2) 12183(2) 13495(2) 13742(2) 14926(2) 15232(2)
240;0;29;29;1275(2) 4099(2) 4312(2) 5803(2) 6275(2) 9221(2) 9467(2) 9859(2) 10057(2) 10437(2) 10519(2) 10610(2) 10686(2) 11086(2) 11318(2) 11344(2) 11872(2) 12246(2) 12251(2) 12255(2) 12685(2) 12812(2) 13103(2) 13318(2) 13344(2) 13833(2) 13996(2) 14087(2) 14866(2)
4124;6;23;29;586(2) 800(1) 826(2) 1179(2) 1561(2) 1622(2) 1623(2) 2590(2) 2926(2) 3613(2) 3656(1) 4175(1) 4249(2) 5817(2) 6977(2) 7090(2) 7091(2) 7655(1) 7806(2) 8500(2) 10236(2) 10536(2) 11468(2) 12223(2) 12350(1) 13246(2) 14489(2) 14813(1) 15051(2)
4782;15;14;29;148(2) 1895(2) 2199(2) 3057(1) 3195(1) 5322(2) 6164(1) 6565(2) 6622(1) 7384(2) 7452(1) 8219(2) 8799(1) 8992(1) 9337(1) 9758(1) 11073(1) 11245(2) 11450(2) 11498(1) 11663(1) 12358(2) 12595(1) 12796(2) 12820(2) 12886(1) 13666(2) 14162(1) 14288(2)
1383;8;21;29;129(2) 130(1) 244(2) 645(2) 919(2) 1671(1) 2721(2) 3333(2) 3409(1) 4752(2) 5546(2) 6415(2) 7205(2) 7689(2) 7819(1) 7835(2) 7890(2) 8911(1) 9222(2) 9897(2) 9960(2) 9979(1) 12060(2) 12357(2) 12399(1) 13763(2) 13962(1) 14799(2) 15845(2)
525;9;20;29;885(2) 1986(1) 3890(2) 6955(1) 6971(1) 7868(2) 7882(2) 7934(2) 9003(1) 9317(2) 9651(2) 10179(2) 10208(2) 10835(2) 11506(2) 11988(2) 12156(2) 12241(1) 12712(2) 13132(1) 13400(1) 13993(1) 14099(2) 14150(2) 14247(2) 14865(2) 14928(1) 15140(2) 15756(2)
5845;3;26;29;663(1) 1184(2) 1745(2) 2360(2) 2672(2) 3034(2) 3187(1) 3738(2) 3906(2) 6320(2) 6331(2) 7357(2) 7646(2) 8214(2) 8676(2) 8961(2) 9742(2) 10206(2) 11352(2) 11622(2) 11729(2) 11860(2) 12480(2) 12512(2) 12521(1) 14236(2) 15169(2) 15178(2) 15420(2)
4958;3;25;28;390(2) 760(1) 1986(2) 2676(2) 5544(2) 6544(2) 7401(2) 8417(2) 8818(2) 9704(2) 9922(2) 11095(2) 11229(2) 11494(2) 11506(1) 12009(2) 12241(2) 12860(2) 13194(2) 13287(2) 13534(2) 13662(2) 14471(2) 14928(2) 15016(2) 15060(2) 15205(2) 15756(1)
1538;1;27;28;553(2) 576(2) 1029(2) 1571(1) 2229(2) 2603(2) 3415(2) 3671(2) 3737(2) 4422(2) 4513(2) 5032(2) 5441(2) 5969(2) 8573(2) 8574(2) 8651(2) 9443(2) 9554(2) 9555(2) 10286(2) 13339(2) 14515(2) 15092(2) 15552(2) 15559(2) 15711(2) 15750(2)
13383;18;10;28;360(1) 1096(2) 1811(1) 1812(1) 1813(1) 3163(1) 4575(1) 4610(2) 4975(2) 5109(1) 5147(1) 5371(1) 5504(1) 6900(2) 7665(1) 8182(2) 8570(1) 10324(2) 10439(2) 10447(1) 11422(1) 11441(2) 12485(2) 12488(2) 13132(1) 14533(1) 15204(1) 15662(1)
14636;8;20;28;2666(1) 4318(1) 6789(1) 7159(1) 7502(2) 8805(2) 9248(2) 9261(2) 9692(1) 10971(2) 10976(2) 11118(2) 11852(2) 11867(2) 12435(2) 12844(2) 13150(2) 13799(2) 14255(2) 14729(2) 14775(1) 14819(2) 14832(2) 14843(1) 14844(2) 14917(1) 15421(2) 15724(2)
13475;13;15;28;105(1) 1228(2) 1398(1) 2240(2) 2472(1) 2618(2) 2972(1) 3035(2) 3158(2) 4174(1) 5150(1) 5289(2) 5877(2) 7281(1) 8386(2) 8494(1) 8762(2) 9110(1) 10235(1) 10827(2) 11843(1) 11926(1) 12852(2) 14059(2) 14186(1) 14297(2) 14511(2) 15533(2)
629;3;25;28;1083(2) 2075(1) 2126(2) 2559(2) 3173(2) 3228(2) 3994(1) 6070(2) 9904(2) 9905(2) 9906(2) 9907(2) 9908(2) 10282(2) 10411(2) 10854(2) 11510(2) 11574(2) 12076(2) 12184(2) 12815(2) 13161(2) 13639(2) 13640(2) 13641(2) 13738(2) 14144(2) 15225(1)
8764;7;21;28;1438(1) 1684(2) 2182(2) 2389(2) 2580(2) 3972(2) 4330(2) 4922(2) 5447(2) 6016(1) 6270(1) 7256(2) 8546(2) 9544(2) 9552(2) 9575(2) 9764(1) 10086(2) 10158(2) 11217(2) 11228(2) 11706(2) 12911(1) 13711(2) 13957(2) 13962(1) 14524(2) 15993(1)
33553;9;19;28;208(2) 1250(2) 1254(1) 1726(2) 1876(2) 2128(2) 2912(2) 3155(2) 3420(2) 4318(1) 4353(1) 4406(2) 4936(2) 5358(2) 5749(2) 5816(2) 5970(2) 6162(2) 6526(1) 6596(2) 6994(2) 8774(1) 9997(2) 10041(1) 11418(1) 13520(2) 13619(1) 14335(1)
2702;10;18;28;398(1) 759(2) 1069(2) 3007(2) 3150(2) 4084(1) 4094(2) 4538(2) 5650(2) 5658(2) 5775(2) 6097(2) 7771(2) 8298(1) 8418(2) 9052(1) 9177(2) 10633(1) 10771(2) 10810(2) 12159(1) 12448(2) 12929(2) 13282(2) 14036(1) 14506(1) 15400(1) 15592(1)
6;0;27;27;86(2) 678(2) 752(2) 947(2) 1200(2) 2357(2) 4474(2) 5038(2) 5698(2) 6294(2) 6295(2) 9338(2) 9433(2) 9745(2) 9816(2) 10760(2) 10832(2) 11266(2) 11282(2) 11922(2) 12574(2) 12917(2) 13210(2) 13423(2) 13831(2) 13917(2) 15641(2)
12155;8;19;27;1418(2) 1802(2) 1903(2) 2604(1) 2719(2) 3240(2) 3444(1) 4030(1) 4100(1) 5052(2) 5927(2) 6529(2) 7485(2) 7758(1) 8079(2) 8609(1) 8610(2) 8611(2) 9591(1) 11512(2) 11913(2) 12074(2) 12519(2) 13094(2) 13151(1) 14329(2) 15749(2)
1980;2;25;27;104(2) 969(2) 1170(2) 1231(2) 2205(1) 2687(2) 3199(2) 4104(2) 4115(2) 4677(2) 4804(2) 4849(2) 4940(2) 6266(2) 6351(2) 6828(2) 7042(1) 7413(2) 8001(2) 8721(2) 8741(2) 9366(2) 11200(2) 11914(2) 14289(2) 15095(2) 15593(2)
14518;8;19;27;113(2) 545(2) 710(2) 1014(1) 6061(2) 7423(2) 8340(1) 9730(1) 9825(2) 10342(2) 10473(2) 11658(2) 11659(2) 11912(2) 12291(2) 12675(2) 12840(2) 13132(1) 13413(1) 13645(2) 14274(2) 14562(1) 14709(1) 14713(2) 14719(2) 15521(1) 15743(2)
36827;13;14;27;548(1) 1209(1) 1818(2) 3490(2) 3685(1) 3804(2) 4050(2) 4241(2) 4317(1) 5007(1) 5546(1) 5668(1) 6395(2) 6415(1) 6733(2) 7138(2) 8967(1) 9549(2) 11036(2) 11070(1) 11189(2) 11748(2) 11766(1) 11768(2) 11839(2) 12399(1) 13962(1)
27484;15;12;27;798(2) 1277(2) 1812(1) 1948(2) 4924(2) 5082(1) 5369(2) 5371(1) 5700(1) 5986(1) 9651(1) 10190(2) 10323(1) 10690(1) 11015(2) 12016(2) 13126(2) 13132(1) 13750(1) 13752(2) 13777(1) 13801(1) 14390(1) 15016(1) 15097(2) 15214(1) 15787(2)
544;0;27;27;675(2) 1776(2) 2192(2) 4325(2) 4331(2) 4845(2) 5591(2) 6546(2) 8970(2) 9535(2) 10185(2) 10515(2) 10604(2) 10718(2) 10719(2) 10969(2) 11500(2) 12266(2) 12312(2) 12381(2) 12477(2) 12478(2) 12585(2) 13106(2) 13114(2) 14001(2) 15454(2)
25691;8;19;27;1930(2) 2068(2) 2069(1) 2144(2) 2702(2) 4229(2) 4868(2) 5406(2) 6069(2) 6188(2) 6746(2) 8094(1) 8797(2) 9115(1) 9473(1) 10235(1) 10529(2) 10600(2) 11463(2) 12169(2) 13333(2) 13584(1) 13651(2) 14089(2) 14155(1) 15681(2) 15740(1)
13192;6;21;27;2063(2) 2085(2) 2332(2) 2866(1) 3157(1) 4403(2) 4631(1) 4903(2) 5072(2) 5077(2) 6608(2) 6802(2) 7483(2) 9217(2) 9223(2) 9742(1) 10225(2) 10657(2) 10664(2) 12236(2) 13048(2) 13215(1) 14007(2) 14469(2) 15301(1) 15536(2) 16031(2)
10192;11;16;27;27(1) 31(1) 44(2) 45(2) 46(2) 53(1) 55(1) 67(2) 68(2) 70(2) 71(2) 1216(1) 3257(1) 4496(1) 11307(2) 11325(2) 11609(2) 12352(1) 13031(1) 13485(2) 13523(2) 14191(1) 14889(1) 15197(2) 15601(2) 15648(2) 16034(2)
588;1;25;26;1834(2) 2650(2) 3297(2) 3557(2) 3558(2) 5437(2) 6122(2) 6123(2) 6130(2) 7047(2) 7880(1) 8643(2) 9004(2) 9100(2) 9295(2) 9646(2) 10144(2) 11002(2) 11533(2) 11752(2) 11753(2) 12328(2) 13686(2) 14573(2) 14758(2) 15376(2)
173;0;26;26;145(2) 548(2) 606(2) 1790(2) 3592(2) 3981(2) 4547(2) 4665(2) 4907(2) 6265(2) 6277(2) 6883(2) 7315(2) 7932(2) 9262(2) 9294(2) 9794(2) 9983(2) 10066(2) 10090(2) 11365(2) 11395(2) 12914(2) 13473(2) 15199(2) 15874(2)
5561;7;19;26;596(2) 1136(1) 1481(2) 2242(2) 2788(2) 2957(2) 3280(2) 3694(1) 5058(2) 5368(2) 5548(1) 5704(2) 6576(2) 7525(2) 8328(1) 8945(2) 9573(2) 10024(2) 10298(2) 10742(2) 11159(1) 12192(2) 13071(2) 14457(1) 14805(1) 15426(2)
4511;1;25;26;897(2) 1105(2) 1610(2) 2444(2) 2681(2) 3351(2) 3498(2) 4239(2) 4960(2) 5398(2) 5592(2) 6210(2) 6539(2) 6624(2) 8823(2) 9065(1) 10904(2) 12377(2) 13452(2) 13497(2) 14409(2) 14567(2) 14772(2) 14787(2) 15299(2) 15689(2)
34655;16;10;26;98(2) 1469(2) 1993(2) 2321(1) 3844(1) 4301(1) 4350(1) 4400(1) 4548(1) 5663(1) 5748(1) 5755(1) 7302(1) 7537(1) 7640(2) 8902(2) 9671(2) 11754(2) 12350(1) 12575(1) 13302(2) 13315(2) 14077(2) 14197(1) 14813(1) 15909(1)
7533;7;19;26;240(2) 435(2) 436(2) 636(1) 658(1) 1120(2) 1395(2) 2358(2) 3811(2) 4562(2) 5349(2) 5499(2) 6566(1) 6885(2) 7747(1) 7845(1) 10228(2) 10335(2) 11106(2) 11477(1) 11484(1) 12119(2) 12795(2) 13609(2) 14364(2) 15710(2)
46518;16;10;26;681(2) 1766(2) 1812(1) 2733(2) 3641(1) 4505(2) 7843(2) 7864(1) 9447(1) 10179(1) 10636(1) 10644(2) 10995(2) 12194(2) 12211(1) 12738(1) 13132(1) 13369(1) 13564(2) 13566(2) 13568(1) 13679(1) 13993(1) 14619(1) 15130(1) 15148(1)
46972;10;16;26;1458(2) 1759(2) 2052(2) 2118(2) 2802(2) 2835(2) 2919(1) 2920(1) 2978(1) 4081(1) 4138(2) 5079(2) 5283(2) 6076(2) 6441(1) 6937(1) 7777(1) 8600(2) 9326(2) 9455(2) 9511(1) 10858(2) 10928(2) 11417(1) 14051(2) 15456(1)
38730;15;11;26;90(1) 425(1) 426(1) 1114(2) 1299(2) 1683(1) 3396(1) 4111(1) 4267(2) 4878(2) 6024(1) 6492(2) 7842(1) 8999(1) 9653(2) 10097(1) 10111(1) 10205(1) 11711(2) 11830(1) 12467(2) 12850(2) 13878(2) 14233(1) 14497(1) 15879(2)
42784;17;9;26;308(1) 877(2) 1311(2) 1690(2) 7213(1) 7257(2) 7611(2) 7889(1) 8007(1) 8656(1) 9538(2) 9826(1) 10032(1) 10114(2) 10251(1) 10253(1) 12017(2) 12166(1) 12883(1) 13785(1) 14452(1) 14604(1) 15656(1) 15738(1) 15741(2) 15934(1)
4557;15;11;26;2483(1) 2604(1) 2719(1) 2983(1) 3444(1) 4678(2) 6708(1) 7114(2) 7240(1) 7287(2) 9346(1) 9493(2) 9591(1) 10633(1) 11041(2) 11064(1) 11209(2) 11376(2) 11560(2) 11736(2) 12476(1) 14359(1) 14638(1) 15066(2) 15400(1) 16023(2)
5276;8;17;25;751(2) 930(2) 1117(1) 2007(2) 3183(2) 4787(2) 4891(2) 4953(2) 5360(1) 5681(1) 6062(2) 6126(1) 6129(2) 7422(2) 7494(2) 7591(2) 8086(2) 9021(2) 10743(1) 13684(2) 13685(1) 13710(2) 13929(1) 15260(2) 15261(1)
3000;0;25;25;1699(2) 1912(2) 2075(2) 2536(2) 3437(2) 3994(2) 5492(2) 5759(2) 5904(2) 7875(2) 7876(2) 7921(2) 8387(2) 8519(2) 9598(2) 11545(2) 11653(2) 11738(2) 11810(2) 13174(2) 13703(2) 15225(2) 15251(2) 15276(2) 15677(2)
9713;1;24;25;82(2) 1256(2) 4037(2) 4309(2) 4353(2) 4800(2) 5018(2) 5217(2) 6918(2) 7106(2) 8090(1) 8456(2) 9995(2) 11785(2) 12059(2) 12092(2) 12103(2) 12154(2) 13755(2) 14546(2) 14638(2) 15046(2) 15047(2) 15440(2) 15995(2)
2243;2;23;25;847(2) 1782(2) 4393(2) 4700(2) 5770(1) 6447(2) 7396(2) 7402(2) 7408(2) 7678(2) 7905(2) 8789(2) 8852(2) 10249(2) 11187(2) 11718(2) 12349(2) 13193(2) 14751(2) 14752(2) 14753(2) 14754(2) 14755(2) 14908(1) 14977(2)
1359;1;24;25;376(2) 2661(2) 3321(2) 3323(2) 3327(2) 3854(2) 4017(2) 4316(2) 4318(1) 5409(2) 7218(2) 7997(2) 9031(2) 9956(2) 11548(2) 11555(2) 11557(2) 11559(2) 11561(2) 11565(2) 11760(2) 14898(2) 15198(2) 15834(2) 15988(2)
820;1;24;25;668(2) 735(2) 2303(2) 2958(2) 3313(2) 5168(2) 5170(2) 5583(2) 6878(2) 6903(2) 7220(2) 7610(1) 7915(2) 8495(2) 8496(2) 8511(2) 9072(2) 9073(2) 9798(2) 10004(2) 10831(2) 11372(2) 13531(2) 13532(2) 15810(2)
8184;13;12;25;1191(2) 2608(1) 2648(2) 3057(1) 4825(1) 6317(1) 7012(2) 7337(2) 7383(1) 8445(1) 8570(1) 9197(2) 11438(1) 11769(2) 12595(1) 12643(1) 12717(2) 12886(1) 13012(2) 13102(2) 13208(1) 13507(2) 14538(2) 15149(2) 15825(1)
11689;4;21;25;483(2) 908(2) 2306(2) 2396(2) 2508(2) 2986(2) 4881(2) 6818(2) 6853(2) 6917(2) 7605(2) 8254(1) 8255(2) 8886(2) 8887(2) 9839(2) 10027(1) 11089(1) 11353(2) 11735(2) 12735(2) 13028(2) 13582(2) 13724(1) 15725(2)
48597;8;17;25;283(1) 1612(2) 1696(2) 1731(2) 2307(2) 2576(2) 2793(1) 4171(1) 4561(2) 5633(1) 5700(2) 6329(2) 6993(2) 7103(2) 8244(2) 8836(1) 9728(2) 9862(2) 10203(2) 10639(1) 11319(1) 11483(2) 12003(2) 12356(2) 14390(1)
29290;12;13;25;1271(2) 2045(2) 2447(1) 2970(1) 4242(2) 7612(1) 8389(1) 9617(2) 9629(2) 10235(1) 10389(1) 10410(2) 10543(1) 11257(2) 11263(2) 11280(2) 11281(1) 12165(1) 12486(1) 13124(1) 13239(2) 14217(1) 14416(2) 14565(2) 15777(2)
10392;8;17;25;337(2) 513(2) 1666(2) 5005(2) 5391(1) 5480(1) 6029(2) 7018(2) 7484(2) 9204(2) 9546(2) 9666(2) 9931(2) 10562(2) 10716(1) 11121(2) 13097(2) 13365(1) 13925(1) 14260(1) 14567(1) 14772(1) 15001(2) 16019(2) 16037(2)
33102;8;17;25;753(2) 1453(2) 2370(2) 2488(2) 2591(2) 3728(2) 4782(2) 4830(2) 5279(2) 6229(1) 6398(1) 7501(2) 7910(2) 8903(1) 9013(1) 9077(1) 9127(1) 9211(2) 9964(1) 10597(2) 10874(1) 11011(2) 11289(2) 11616(2) 12550(2)
723;1;24;25;201(2) 263(2) 1698(2) 2831(2) 3085(2) 3093(2) 5841(2) 5903(2) 6327(2) 6992(2) 7869(2) 7901(2) 8031(2) 8134(2) 8732(2) 10852(2) 11284(2) 11288(2) 11311(2) 11347(2) 11606(2) 12829(2) 13132(1) 13292(2) 13466(2)
27278;10;15;25;404(2) 1139(1) 1319(2) 1565(2) 2069(1) 4250(1) 4704(1) 5470(1) 5855(1) 6898(2) 7187(2) 7207(2) 10272(2) 10382(2) 10936(2) 10937(2) 12410(2) 12597(1) 12626(1) 12876(2) 14558(2) 15351(2) 15429(2) 15681(1) 15740(1)
8735;11;14;25;1380(2) 1443(2) 3213(1) 4693(2) 5143(2) 6174(2) 7643(2) 8088(2) 8621(1) 8665(1) 10087(1) 10205(1) 11607(1) 11638(2) 11936(1) 12409(1) 12901(2) 13343(1) 13873(2) 14223(1) 14626(2) 14801(2) 15404(2) 15447(2) 15480(1)
39499;11;14;25;523(2) 611(2) 2110(2) 2378(1) 2689(2) 2893(2) 2995(1) 3355(2) 3639(1) 3787(2) 3800(2) 4333(2) 4392(1) 4639(2) 5626(1) 5956(1) 5972(2) 6138(2) 6160(2) 10642(1) 10733(1) 11259(2) 12258(1) 14750(1) 15788(1)
51824;12;13;25;402(2) 821(2) 1148(2) 1199(2) 1655(2) 2843(2) 3094(2) 3922(2) 4090(1) 4291(1) 4318(1) 4399(2) 5179(1) 5838(2) 5940(2) 7226(1) 8577(2) 8774(1) 9446(1) 12883(1) 14107(1) 14335(1) 15098(1) 15144(2) 15656(1)
306;4;20;24;657(2) 2106(2) 2244(2) 2398(2) 2622(2) 5408(2) 6923(2) 7312(1) 7725(2) 7990(2) 9187(2) 9804(2) 10112(2) 10338(1) 10478(2) 10500(2) 10658(1) 10769(2) 11091(1) 12431(2) 12733(2) 13952(2) 15213(2) 15221(2)
2444;1;23;24;537(2) 799(2) 1056(2) 1533(1) 4410(2) 4455(2) 5528(2) 5825(2) 5901(2) 7255(2) 7509(2) 7988(2) 8663(2) 8871(2) 9082(2) 9164(2) 9529(2) 9577(2) 9812(2) 9986(2) 12413(2) 12809(2) 15181(2) 15939(2)
21176;4;20;24;111(1) 1215(2) 1335(2) 1502(2) 2002(2) 2023(1) 2449(2) 2898(2) 2927(2) 3154(2) 3863(2) 3983(2) 4270(2) 4664(1) 4947(2) 5984(2) 7048(2) 7649(2) 7650(1) 9393(2) 11705(2) 11719(2) 12475(2) 14338(2)
4860;1;23;24;236(2) 300(2) 329(2) 1279(2) 1316(2) 2253(2) 2857(2) 3264(2) 3680(2) 3943(2) 4144(2) 5119(2) 5360(2) 7591(1) 7872(2) 8046(2) 10018(2) 10467(2) 12105(2) 12136(2) 12202(2) 12253(2) 13929(2) 15261(2)
1013;1;23;24;371(2) 1287(2) 1352(2) 1354(2) 1381(2) 1849(2) 1969(2) 3079(2) 3286(2) 3287(2) 3347(2) 5417(2) 5921(2) 6784(2) 7397(2) 7431(2) 8015(2) 8749(2) 10042(2) 10077(2) 10120(1) 10166(2) 14991(2) 15437(2)
21877;7;17;24;366(1) 461(2) 1550(2) 1560(2) 2218(1) 4228(2) 4271(1) 4585(2) 5184(2) 5457(2) 5996(2) 6258(2) 6695(1) 7684(2) 7870(2) 8781(2) 10235(2) 10737(1) 12862(2) 14155(1) 14186(1) 15211(2) 15807(2) 15932(2)
24573;4;20;24;863(2) 996(2) 1333(1) 1373(2) 1420(2) 1428(2) 1429(1) 1431(2) 1552(2) 2592(2) 3028(2) 3418(2) 5341(2) 6028(2) 6419(2) 7741(1) 8926(1) 10310(2) 10582(2) 11824(2) 12163(2) 13934(2) 14156(2) 14610(2)
2484;2;22;24;149(2) 872(2) 2432(2) 2640(2) 4507(2) 6247(2) 6831(2) 7937(2) 7963(2) 7964(2) 7972(2) 8235(2) 9165(1) 9585(2) 10493(2) 12053(2) 12256(1) 13335(2) 14295(2) 15053(2) 15281(2) 16005(2) 16038(2) 16043(2)
49669;15;9;24;800(1) 2727(1) 3180(2) 4318(1) 5092(2) 5137(1) 5451(1) 5755(1) 5911(2) 7655(1) 9374(1) 9818(2) 10958(1) 11105(1) 11176(2) 11887(1) 11972(2) 12870(1) 13132(1) 13772(2) 14122(2) 14454(2) 14940(1) 15864(1)
11907;11;13;24;977(1) 1507(2) 1644(2) 2215(1) 2216(1) 2633(2) 2657(1) 2685(1) 3241(1) 4151(1) 4152(2) 5675(2) 6863(2) 7665(1) 8177(1) 8936(1) 9766(2) 10539(2) 11315(2) 12128(2) 12160(2) 13183(2) 14044(2) 14501(1)
28026;13;11;24;112(1) 683(2) 2695(2) 3360(2) 3555(1) 3751(2) 4409(1) 5056(1) 6554(1) 7180(1) 8013(1) 8249(1) 9062(2) 9441(1) 9519(1) 9893(1) 11403(2) 11452(2) 12624(2) 12881(2) 13508(1) 13632(1) 15380(2) 15525(2)
162;1;23;24;1220(2) 2949(2) 3889(2) 4339(1) 4746(2) 5073(2) 5198(2) 5199(2) 5204(2) 5471(2) 5674(2) 6521(2) 6795(2) 10816(2) 11853(2) 12921(2) 12922(2) 12927(2) 12930(2) 12974(2) 12977(2) 13602(2) 15274(2) 15730(2)
3154;3;21;24;1058(2) 1103(2) 1398(1) 3455(2) 3703(2) 3718(2) 3831(2) 5707(2) 6011(2) 6740(2) 6829(2) 8846(2) 9086(2) 9110(2) 9170(2) 10677(1) 11466(2) 13551(2) 13770(1) 14072(2) 14075(2) 14113(2) 15110(2) 15381(2)
5965;4;20;24;732(2) 1289(2) 1374(2) 2728(1) 3556(2) 4206(2) 4411(2) 5224(2) 6887(1) 7321(1) 8037(2) 8404(2) 9280(2) 10129(2) 10294(2) 11255(2) 11351(2) 11829(2) 12186(2) 12187(2) 12188(2) 12189(2) 12549(2) 14542(1)
7307;4;20;24;926(2) 1804(2) 1874(2) 2914(2) 3215(2) 3516(2) 4106(2) 4350(1) 4826(2) 4886(2) 5451(1) 6598(1) 6674(2) 7133(2) 7637(2) 8188(2) 8735(2) 9902(2) 10420(2) 11682(2) 11717(2) 12079(2) 13909(1) 14545(2)
8302;5;19;24;1153(2) 1382(2) 2988(1) 3342(2) 3956(1) 4116(2) 5025(2) 6723(2) 6860(2) 7190(2) 7451(2) 7732(2) 9063(1) 10697(2) 10702(2) 11924(2) 12200(2) 12373(2) 13137(1) 13446(2) 13674(2) 14000(1) 14621(2) 14837(2)
23568;18;6;24;170(2) 348(1) 1330(1) 1336(1) 2184(1) 2501(1) 3350(1) 3855(2) 3926(1) 4021(2) 4280(1) 4301(1) 4350(1) 4753(1) 5196(1) 5748(1) 8171(1) 10474(2) 10755(1) 11942(2) 12277(1) 12417(1) 12863(2) 15882(1)
21188;10;14;24;2729(1) 3582(2) 3956(1) 4131(1) 4665(1) 4907(1) 5687(2) 5839(2) 6116(2) 6550(2) 6787(2) 7380(2) 7618(2) 8187(2) 8365(2) 8905(2) 9314(2) 9602(2) 11227(1) 13446(1) 14000(1) 14965(1) 15104(1) 15540(2)
39354;15;9;24;89(1) 92(1) 380(1) 495(1) 764(1) 1606(2) 2321(1) 2915(2) 3181(2) 4286(2) 5375(1) 5663(1) 7027(2) 7362(1) 9445(1) 9668(1) 9690(1) 11676(1) 13244(2) 13445(2) 14232(2) 14320(1) 14523(2) 15633(1)
715;0;23;23;250(2) 388(2) 564(2) 684(2) 2176(2) 3659(2) 3827(2) 3851(2) 4084(2) 4095(2) 4119(2) 5565(2) 5654(2) 5708(2) 7183(2) 11417(2) 11418(2) 12019(2) 12090(2) 12091(2) 12108(2) 12110(2) 15656(2)
6353;8;15;23;1089(1) 1135(2) 2624(2) 3054(2) 4660(1) 5465(2) 5665(2) 7559(2) 7900(2) 10020(2) 10048(1) 10495(2) 10635(1) 11225(2) 11685(2) 11920(2) 12280(1) 13425(1) 14018(1) 14283(2) 14793(2) 14814(1) 16016(2)
958;0;23;23;733(2) 1772(2) 2039(2) 2049(2) 2062(2) 2107(2) 2737(2) 3117(2) 3825(2) 4147(2) 4493(2) 4625(2) 4626(2) 5066(2) 6700(2) 7566(2) 7719(2) 10578(2) 10620(2) 11825(2) 12514(2) 12794(2) 14280(2)
326;1;22;23;484(1) 741(2) 882(2) 3900(2) 4328(2) 5997(2) 6260(2) 6684(2) 6748(2) 6749(2) 6750(2) 6751(2) 8426(2) 9102(2) 9890(2) 11750(2) 13310(2) 13627(2) 13986(2) 14183(2) 14200(2) 15267(2) 15791(2)
26632;11;12;23;444(2) 1530(2) 3493(1) 3655(2) 4111(1) 4580(1) 5806(2) 5812(2) 6739(1) 7842(1) 8555(2) 8879(1) 8999(2) 11651(2) 12041(1) 13020(2) 13143(1) 13296(1) 13665(2) 13673(1) 14618(2) 14652(1) 15258(2)
37756;14;9;23;334(1) 508(2) 1732(1) 1880(2) 2587(2) 5191(1) 5925(1) 6059(1) 6385(1) 7084(2) 7132(2) 7763(2) 7979(1) 8245(2) 8526(1) 8711(1) 9384(1) 10870(2) 12960(1) 13337(1) 13494(1) 14109(2) 15387(1)
8582;17;6;23;3204(2) 4930(1) 6285(1) 7336(1) 7341(1) 7811(2) 8103(1) 9243(2) 10441(1) 11115(1) 11116(1) 11605(1) 11740(1) 12563(1) 12759(1) 13350(1) 14238(2) 14316(2) 14762(1) 15067(2) 15216(1) 15590(1) 15636(1)
33488;15;8;23;308(1) 1079(1) 2596(2) 3455(1) 4643(1) 4661(1) 5009(2) 5107(1) 5189(1) 5609(2) 6145(2) 6349(1) 6353(1) 7681(1) 8245(1) 8563(1) 9234(2) 9786(2) 10949(2) 12658(2) 12883(1) 13508(1) 13870(1)
44012;15;8;23;1729(2) 4034(2) 4318(1) 5401(1) 7523(1) 7541(1) 7592(2) 7655(1) 9096(2) 9389(2) 10212(1) 10927(2) 11103(1) 11345(2) 13132(1) 13217(1) 13367(1) 13825(1) 14096(1) 14851(1) 15114(1) 15720(1) 15860(2)
10545;3;20;23;792(2) 1182(2) 1317(2) 2933(2) 3300(2) 3697(2) 4358(2) 5813(2) 7161(2) 7250(2) 8701(2) 10111(1) 10681(2) 10720(1) 12278(2) 12319(2) 12452(2) 12765(2) 12792(2) 13973(2) 14748(2) 14802(1) 15705(2)
1435;3;20;23;955(2) 1024(1) 1461(2) 3610(2) 3802(2) 4030(2) 4031(2) 4384(2) 6699(2) 7758(2) 9823(2) 9827(2) 10336(2) 10518(1) 12046(2) 12051(2) 12063(2) 12476(1) 13151(2) 13253(2) 13663(2) 15119(2) 15294(2)
4054;9;14;23;455(1) 505(2) 538(2) 852(2) 2774(2) 3497(2) 3507(2) 3748(1) 3753(2) 4314(1) 4590(2) 5122(1) 6226(1) 6678(2) 6953(1) 7278(1) 8075(2) 8476(2) 9735(2) 11670(2) 11876(1) 12272(1) 15458(2)
5032;2;20;22;22(2) 484(2) 1130(2) 2089(2) 2788(1) 3694(2) 5548(2) 7518(2) 7700(2) 8328(2) 8431(2) 8787(2) 9166(1) 11159(2) 12318(2) 12604(2) 13118(2) 14019(2) 14457(2) 14805(2) 15271(2) 15935(2)
420;3;19;22;694(2) 1339(2) 2274(2) 2276(2) 2277(2) 2460(2) 2943(1) 3167(2) 3172(2) 3588(2) 5966(2) 6793(2) 6794(2) 8723(1) 9292(2) 10843(2) 10902(2) 11767(1) 11964(2) 14897(2) 15173(2) 15930(2)
5011;1;21;22;476(2) 1412(2) 2653(1) 3266(2) 3637(2) 3924(2) 4145(2) 4691(2) 8349(2) 8401(2) 8408(2) 8411(2) 8412(2) 8438(2) 8485(2) 9010(2) 9543(2) 10783(2) 12629(2) 15443(2) 15584(2) 15585(2)
6550;9;13;22;744(2) 1020(2) 2057(2) 2273(2) 2372(2) 2960(1) 4510(2) 5041(1) 5135(1) 6961(2) 7086(1) 7783(2) 8398(2) 8958(1) 9150(2) 11465(2) 11573(1) 11600(1) 11993(2) 12590(2) 14516(1) 14878(1)
36090;8;14;22;184(2) 346(2) 427(2) 432(2) 1212(2) 2113(2) 2198(1) 2800(1) 2842(2) 4634(1) 5730(1) 6457(2) 9168(1) 9404(2) 9430(1) 9652(2) 11106(1) 12304(2) 12326(2) 13609(1) 14841(2) 14915(2)
34621;10;12;22;349(1) 973(2) 1601(2) 2337(2) 2637(1) 2757(2) 3058(2) 3307(1) 4318(1) 4511(2) 5815(2) 8355(1) 9130(1) 9446(1) 11165(2) 11617(2) 12958(2) 14452(2) 15024(2) 15111(1) 15656(1) 15942(1)
8324;15;7;22;1266(2) 2168(2) 2483(1) 2959(1) 3276(2) 5477(2) 6603(2) 7240(1) 7294(2) 9346(1) 10273(2) 10274(1) 10375(1) 10390(1) 10633(1) 10748(1) 12951(1) 14359(1) 15000(1) 15123(1) 15400(1) 15592(1)
3764;1;21;22;670(2) 1884(2) 2039(1) 2066(2) 2109(2) 2111(2) 3062(2) 3170(2) 3489(2) 3699(2) 3700(2) 3801(2) 4994(2) 5201(2) 5435(2) 6518(2) 7254(2) 7372(2) 11827(2) 12938(2) 15479(2) 16039(2)
43062;7;15;22;944(2) 1209(1) 3490(1) 3602(2) 4508(2) 5653(2) 5907(2) 6332(2) 6654(2) 7781(2) 8567(2) 8967(2) 10933(1) 11147(2) 11995(1) 13050(2) 13132(1) 13491(2) 13897(1) 13935(1) 14263(2) 15456(2)
17355;8;14;22;1152(1) 2332(1) 4403(1) 6270(2) 6726(1) 7521(2) 8097(1) 8346(2) 9733(2) 10432(2) 10560(2) 10811(2) 10945(2) 12303(1) 13128(1) 13407(2) 13773(2) 13835(1) 14541(2) 14633(2) 14707(2) 14804(2)
10981;3;19;22;363(2) 385(2) 1904(2) 1920(2) 4706(2) 5236(2) 6687(2) 7300(2) 7570(1) 7793(2) 7913(2) 8770(1) 9369(1) 9674(2) 9701(2) 10229(2) 10857(2) 11131(2) 12075(2) 12384(2) 14721(2) 15726(2)
9406;8;14;22;1757(2) 2072(2) 2848(2) 3057(1) 4617(1) 5223(2) 6164(1) 7452(1) 7631(2) 7875(1) 8387(1) 9919(2) 10795(2) 11455(2) 11498(2) 11499(2) 12595(1) 12886(1) 12943(2) 13184(2) 14162(2) 15143(2)
19556;11;11;22;795(1) 1322(1) 1976(1) 3153(1) 3504(1) 3845(2) 3982(1) 4864(1) 5500(1) 5853(2) 5897(2) 6181(2) 7523(1) 7542(2) 7543(2) 8413(2) 8668(2) 10814(2) 13217(1) 14096(1) 14851(2) 15114(2)
25359;14;8;22;463(1) 2483(1) 4240(1) 5478(1) 5529(2) 7665(1) 8971(2) 9940(2) 10946(2) 11376(1) 11584(2) 12111(1) 12247(2) 12491(2) 12717(1) 12882(1) 14526(1) 15401(1) 15636(1) 16022(2) 16047(1) 16048(1)
18763;5;17;22;1194(2) 1716(2) 2874(2) 2905(2) 3288(2) 3450(2) 4204(2) 5083(2) 6360(2) 6607(2) 6701(2) 7026(2) 7381(1) 7917(2) 8032(2) 8138(1) 12004(2) 12258(1) 13356(1) 14014(2) 14363(2) 15909(1)
29670;15;7;22;800(1) 1909(1) 1933(2) 2922(2) 2978(1) 3227(1) 3689(1) 4318(1) 6871(2) 6963(2) 8384(2) 10490(1) 11392(1) 11989(1) 12152(2) 12275(2) 12741(1) 12870(1) 13132(1) 13631(1) 15707(1) 15744(1)
15063;2;20;22;228(2) 306(2) 2652(1) 3407(2) 3978(2) 4681(2) 4828(2) 6721(2) 7191(2) 7329(2) 7935(2) 8047(2) 9167(2) 10340(2) 11183(1) 11453(2) 11637(2) 14081(2) 15160(2) 15290(2) 15304(2) 15716(2)
25315;11;11;22;2312(1) 2456(2) 3091(1) 4629(2) 8977(2) 10463(2) 10931(2) 10934(1) 11416(1) 12069(2) 12464(1) 12515(2) 12678(1) 12874(1) 13201(2) 13613(2) 13923(2) 14864(1) 14880(1) 15251(1) 15731(1) 15980(2)
64092;12;10;22;5824(2) 5831(2) 5947(2) 7599(1) 7665(1) 7699(1) 9048(1) 9303(2) 9450(2) 10951(1) 11422(1) 12084(2) 12334(1) 12522(1) 12626(1) 13280(1) 13725(2) 13839(2) 13840(2) 14838(2) 14994(1) 15636(1)
2555;5;17;22;359(2) 698(1) 711(2) 1733(2) 2855(2) 5176(2) 6825(2) 7655(1) 8216(2) 8291(1) 9287(2) 9370(2) 10267(1) 10953(2) 11104(2) 11885(2) 12049(2) 12615(2) 12905(2) 12994(2) 14722(2) 15177(1)
1806;0;21;21;631(2) 750(2) 1110(2) 2151(2) 2466(2) 2731(2) 3104(2) 3873(2) 5543(2) 6102(2) 6462(2) 7122(2) 7391(2) 7392(2) 7393(2) 8078(2) 8641(2) 8869(2) 9788(2) 11488(2) 16036(2)
1091;13;8;21;1792(2) 2004(2) 7556(1) 7868(1) 7934(1) 8598(1) 9317(1) 9334(2) 9651(1) 10835(1) 11506(1) 11988(1) 12818(2) 13416(2) 13791(2) 14099(1) 14247(1) 15140(1) 15756(1) 15811(2) 15865(2)
738;2;19;21;362(2) 1931(2) 2139(2) 2140(1) 2141(2) 2585(2) 3541(2) 4729(2) 4809(2) 7030(2) 7039(2) 7327(2) 7702(2) 9172(2) 10683(2) 10684(2) 10741(2) 12908(2) 14194(2) 14727(1) 15549(2)
1164;2;19;21;282(2) 2001(2) 2684(2) 3656(2) 6075(1) 7394(2) 7410(1) 8531(2) 12029(2) 12030(2) 12350(2) 12522(2) 12821(2) 12855(2) 13393(2) 13647(2) 13707(2) 13875(2) 14196(2) 14498(2) 15869(2)
8555;1;20;21;158(2) 893(2) 2666(2) 3730(2) 7158(2) 7159(2) 7160(2) 7506(2) 7668(2) 9151(2) 9692(2) 9969(1) 12518(2) 14548(2) 14775(2) 14814(2) 14817(2) 14830(2) 14843(2) 14917(2) 15374(2)
29788;1;20;21;391(2) 396(2) 1998(2) 3527(2) 3534(1) 4439(2) 4614(2) 5514(2) 6737(2) 9001(2) 9451(2) 9453(2) 9512(2) 10603(2) 11469(2) 11725(2) 12276(2) 12490(2) 13753(2) 14101(2) 15646(2)
27783;6;15;21;1859(1) 2713(2) 3100(2) 3222(2) 4705(2) 4965(1) 5098(2) 5099(2) 5101(2) 6060(2) 7866(2) 8410(1) 8469(1) 9562(2) 9656(1) 12841(2) 12843(2) 15043(2) 15172(2) 15212(1) 15340(2)
34156;13;8;21;918(2) 1061(2) 1247(2) 2369(2) 2825(1) 3725(1) 4812(2) 4993(1) 5150(2) 5509(1) 5677(1) 6248(1) 6626(2) 6755(1) 7410(1) 9587(1) 11422(1) 11492(1) 11588(1) 14494(2) 15636(1)
23305;12;9;21;89(1) 91(1) 1479(2) 2321(2) 2642(2) 3275(2) 3460(2) 4350(1) 4400(2) 5663(1) 9528(1) 9668(1) 13529(1) 14017(1) 14117(2) 14813(1) 14964(1) 14967(2) 14992(1) 15855(1) 15880(2)
10215;4;17;21;913(2) 1554(1) 1576(2) 2988(1) 3391(2) 4033(2) 5555(2) 5934(2) 8366(2) 8465(1) 8858(2) 8994(2) 9090(2) 11067(2) 11822(2) 12058(2) 13181(2) 14621(1) 15538(2) 15542(2) 15896(2)
44891;8;13;21;1019(2) 2942(1) 3378(1) 4854(2) 5429(2) 5542(2) 6044(1) 6661(1) 7005(2) 8335(2) 8839(2) 9138(1) 9536(2) 9826(1) 9998(2) 10265(1) 10402(2) 11006(2) 13224(2) 14170(1) 14923(2)
29546;14;7;21;420(2) 1092(2) 2697(2) 5912(1) 6034(2) 6268(1) 7336(1) 7514(1) 9159(1) 9909(1) 11063(1) 11605(1) 13111(1) 13335(1) 13350(1) 14658(2) 14675(1) 14693(2) 14710(1) 14720(2) 15343(1)
24747;8;13;21;309(2) 808(1) 1504(2) 1544(1) 2875(2) 3961(1) 3974(2) 3985(2) 4189(2) 4445(2) 4770(2) 4879(2) 7297(2) 7552(1) 8875(2) 9140(1) 9363(2) 9625(2) 11319(1) 14096(1) 14368(1)
28991;12;9;21;1245(2) 1938(2) 2803(2) 2934(1) 3493(1) 4111(1) 4414(1) 7136(1) 7842(1) 7843(1) 8351(2) 8437(1) 9255(2) 9318(1) 9543(1) 10638(2) 13672(2) 13998(2) 14410(1) 15108(2) 15237(1)
29831;13;8;21;1396(2) 1901(1) 4274(2) 4526(2) 4618(1) 5126(1) 6457(1) 7205(1) 7723(2) 7827(1) 9856(2) 10444(1) 10489(1) 10502(1) 10685(1) 10782(2) 11106(1) 14550(1) 15072(1) 15122(2) 15547(2)
111527;13;8;21;800(1) 911(1) 1623(1) 2509(2) 2892(2) 5451(1) 5713(2) 6143(2) 6598(1) 7842(1) 8107(1) 8520(1) 8965(2) 9778(2) 10474(1) 10688(1) 11950(1) 12223(1) 14294(2) 14395(2) 14933(1)
153;0;20;20;573(2) 976(2) 1113(2) 2453(2) 2538(2) 3030(2) 5195(2) 6393(2) 6757(2) 7743(2) 8066(2) 10458(2) 11661(2) 11858(2) 12175(2) 13123(2) 13493(2) 13606(2) 13642(2) 15405(2)
39;0;20;20;765(2) 766(2) 1280(2) 2481(2) 2696(2) 7715(2) 7716(2) 8658(2) 9762(2) 9814(2) 10063(2) 10481(2) 11990(2) 12925(2) 14996(2) 14998(2) 14999(2) 15760(2) 15766(2) 15767(2)
301;0;20;20;820(2) 843(2) 2527(2) 3234(2) 4136(2) 4447(2) 5293(2) 5631(2) 8397(2) 8982(2) 9192(2) 9258(2) 9685(2) 9736(2) 10498(2) 12948(2) 13291(2) 13294(2) 14146(2) 16015(2)
1180;0;20;20;61(2) 1077(2) 5523(2) 6846(2) 7051(2) 7052(2) 7799(2) 9057(2) 9669(2) 10238(2) 11597(2) 13188(2) 13189(2) 13190(2) 13191(2) 13417(2) 14812(2) 15378(2) 15943(2) 15953(2)
175;0;20;20;556(2) 2438(2) 2439(2) 2440(2) 2448(2) 4180(2) 5621(2) 6056(2) 7516(2) 7945(2) 8372(2) 9163(2) 9609(2) 10838(2) 10871(2) 10895(2) 10896(2) 10897(2) 10898(2) 13731(2)
449;0;20;20;15(2) 23(2) 24(2) 2404(2) 2415(2) 3108(2) 4781(2) 5476(2) 5619(2) 6064(2) 6065(2) 6066(2) 7874(2) 7883(2) 9106(2) 10214(2) 10511(2) 11089(2) 11865(2) 13648(2)
2843;2;18;20;2283(2) 2790(2) 4517(2) 4685(2) 4686(2) 5166(2) 5181(2) 5262(2) 6931(2) 9260(2) 11563(2) 12375(2) 12578(1) 12969(2) 13054(2) 13553(2) 14594(2) 15462(1) 15863(2) 15937(2)
22114;5;15;20;581(2) 1125(1) 1995(2) 2664(2) 4304(2) 4326(1) 4624(1) 5488(2) 6712(2) 7127(2) 7958(2) 9961(2) 10218(2) 10318(2) 10582(1) 10758(1) 10867(2) 12024(2) 15571(2) 15680(2)
20904;1;19;20;6(2) 652(2) 2212(2) 3151(2) 3611(2) 5103(1) 6389(2) 7610(2) 8180(2) 8440(2) 8903(2) 9013(2) 9047(2) 9964(2) 10461(2) 10874(2) 11079(2) 11692(2) 12602(2) 13371(2)
11465;2;18;20;2032(2) 2047(2) 2121(2) 3137(1) 3454(2) 4857(2) 4959(2) 5035(2) 6371(2) 7301(2) 7346(2) 8451(2) 8649(2) 10065(2) 10525(2) 10899(2) 11823(2) 12750(2) 13400(1) 15146(2)
6511;8;12;20;2883(1) 3184(2) 3185(1) 4223(2) 4501(2) 4513(1) 5579(2) 7009(2) 7066(2) 8164(2) 11268(2) 11405(2) 11772(1) 11801(1) 11911(2) 12190(2) 13544(1) 13577(1) 14308(2) 15636(1)
12708;10;10;20;166(1) 583(1) 617(1) 896(1) 964(2) 1103(1) 3522(1) 3713(2) 6820(1) 7886(2) 7909(2) 7928(2) 8454(2) 8617(1) 8872(2) 10183(2) 10676(1) 12224(1) 13862(2) 15685(2)
18244;9;11;20;177(2) 628(2) 1181(2) 1475(1) 1604(1) 2554(1) 3388(1) 4667(1) 5961(2) 7813(2) 8686(2) 9207(2) 9503(1) 11601(2) 11908(1) 12588(2) 13004(2) 13985(1) 15291(1) 15965(2)
4427;4;16;20;334(2) 736(2) 4335(1) 4834(2) 4844(2) 9532(2) 9567(2) 10383(2) 11151(1) 11649(1) 12126(2) 12724(2) 13227(2) 13789(2) 14397(2) 15086(2) 15188(2) 15658(1) 15873(2) 15883(2)
14721;14;6;20;353(2) 1812(1) 7360(2) 8340(1) 9610(1) 9730(2) 9817(2) 10406(1) 11369(2) 12348(1) 12522(1) 12741(1) 13132(1) 13393(1) 13413(1) 13743(2) 14709(1) 15320(1) 15360(1) 15521(1)
71406;11;9;20;400(1) 2149(2) 2200(2) 2463(1) 3025(1) 3176(2) 5138(1) 5558(2) 8019(1) 8585(2) 10624(2) 12041(1) 12895(1) 13030(1) 13727(1) 14028(2) 14596(2) 15234(2) 15240(1) 15909(1)
12047;7;13;20;1049(2) 1681(2) 1723(2) 3071(2) 3134(2) 3555(2) 4219(2) 4733(2) 5525(2) 5828(1) 6000(2) 6437(2) 6676(2) 7189(1) 8769(1) 12750(1) 13501(1) 13915(2) 14649(1) 15289(1)
38461;14;6;20;702(1) 1578(1) 1775(2) 2102(2) 2280(2) 2839(1) 2849(1) 3098(1) 3133(1) 3137(1) 4492(1) 4857(1) 5443(2) 6812(1) 7189(1) 7617(2) 8192(1) 9043(2) 13793(1) 14888(1)
3392;6;14;20;730(2) 959(2) 1635(2) 1816(1) 2126(1) 3236(2) 3990(2) 4237(2) 4575(1) 5147(1) 5371(1) 7060(2) 7176(2) 9498(2) 11976(1) 12898(2) 13490(2) 13721(2) 15477(2) 15913(2)
2005;6;14;20;734(2) 1144(2) 1811(2) 1812(1) 1813(2) 3163(1) 4550(2) 5371(1) 5504(2) 5986(2) 6886(2) 7665(1) 8570(1) 9628(2) 10323(2) 10447(2) 10690(2) 11644(2) 13369(1) 15204(2)
18488;3;17;20;469(2) 776(2) 1002(2) 2417(2) 4183(2) 4332(2) 4598(2) 6027(2) 7710(2) 8814(2) 10208(1) 10348(1) 10691(2) 10805(2) 12849(2) 12955(2) 13740(2) 14028(1) 14695(2) 15057(2)
39243;8;12;20;93(2) 616(2) 1179(1) 1623(1) 1708(2) 2019(1) 3096(2) 3614(2) 4333(1) 4548(1) 4642(2) 6036(2) 7090(1) 8731(2) 9661(2) 10258(2) 10423(1) 11371(2) 14776(2) 15870(1)
4976;15;5;20;699(1) 1283(2) 2931(1) 3345(1) 3720(2) 4161(1) 4658(2) 5254(2) 6291(1) 7307(1) 7842(1) 8186(1) 9831(1) 9904(1) 11830(1) 12148(2) 12597(1) 15151(1) 15152(1) 15445(1)
1368;1;18;19;2080(2) 2692(2) 2913(2) 3792(2) 6068(2) 6071(2) 6280(2) 7418(2) 8257(2) 8272(2) 8274(2) 10634(1) 11077(2) 12118(2) 13638(2) 14418(2) 14419(2) 15467(2) 15468(2)
1581;1;18;19;698(2) 1005(2) 1185(2) 1735(2) 2099(2) 2427(2) 3040(2) 3607(2) 5914(2) 6085(2) 6741(2) 10967(2) 11078(2) 12323(2) 12592(2) 12837(1) 12909(2) 13242(2) 14306(2)
528;3;16;19;891(2) 1286(2) 2891(2) 3723(2) 5003(1) 6666(2) 6667(2) 7765(1) 8855(1) 10687(2) 11148(2) 11981(2) 13781(2) 13910(2) 14130(2) 14131(2) 14332(2) 15030(2) 15792(2)
24767;7;12;19;931(1) 1033(2) 2022(2) 2532(2) 3776(2) 3814(2) 3846(2) 3855(1) 3862(2) 3864(2) 3926(2) 4301(1) 4350(1) 4355(2) 4557(2) 5663(1) 7302(1) 8171(1) 11944(2)
8271;12;7;19;261(1) 3597(2) 4165(1) 4852(1) 5308(2) 7034(2) 7035(2) 8538(1) 8539(1) 8874(2) 8952(2) 10720(1) 11367(1) 12805(1) 13611(1) 14029(1) 14163(2) 14553(1) 15687(1)
8942;0;19;19;718(2) 822(2) 2860(2) 2972(2) 5095(2) 7229(2) 7914(2) 8002(2) 8428(2) 8725(2) 9572(2) 11112(2) 12158(2) 14091(2) 14365(2) 14544(2) 15399(2) 15418(2) 15798(2)
9158;2;17;19;1702(2) 3660(1) 4908(1) 8025(2) 8515(2) 9252(2) 9470(2) 9681(2) 10247(2) 10259(2) 10329(2) 10486(2) 12035(2) 12036(2) 12037(2) 13273(2) 13276(2) 15285(2) 15686(2)
7242;2;17;19;166(2) 583(2) 713(2) 1627(2) 4900(2) 5008(2) 5782(2) 5836(2) 6049(2) 6325(2) 6349(1) 6353(2) 6764(2) 7367(2) 7628(2) 7740(2) 8593(2) 8617(2) 10676(1)
57504;9;10;19;25(2) 2432(1) 2660(2) 3859(2) 4273(1) 4297(2) 5801(2) 6186(1) 6860(1) 7951(2) 8327(1) 8922(1) 9005(2) 9929(1) 9954(2) 10988(2) 13201(1) 13864(2) 14175(1)
18293;6;13;19;715(2) 1444(2) 1454(2) 1910(2) 2175(2) 6821(2) 7796(1) 8050(2) 8416(1) 8938(1) 10159(2) 10696(2) 11155(1) 12267(1) 13508(1) 14106(2) 15564(2) 15568(2) 15578(2)
66841;10;9;19;707(2) 1575(2) 2093(2) 5636(1) 6283(1) 7665(1) 10026(2) 10933(1) 11517(2) 12239(1) 12480(1) 12522(1) 12871(2) 14045(2) 14514(2) 14687(1) 15216(1) 15349(2) 15469(1)
8337;3;16;19;543(2) 1243(2) 2171(1) 4141(2) 5444(2) 8319(2) 8976(2) 10448(2) 11012(2) 12626(1) 12848(1) 13587(2) 13892(2) 14038(2) 14463(2) 14981(2) 15101(2) 15236(2) 15359(2)
27854;3;16;19;488(2) 802(2) 1068(2) 1079(2) 3027(2) 5002(2) 5054(2) 7000(1) 7306(2) 7694(2) 11166(1) 11921(2) 11953(2) 13426(2) 13460(2) 13646(2) 13943(1) 14177(2) 15925(2)
29891;11;8;19;861(1) 1214(2) 2489(2) 2790(1) 5273(2) 5277(1) 7677(2) 8221(1) 8249(1) 8584(2) 11173(2) 12398(1) 12965(1) 12985(1) 13205(1) 15462(1) 15491(2) 15714(1) 15957(2)
88167;10;9;19;310(1) 867(2) 999(1) 1076(1) 1482(1) 1508(2) 1679(2) 2152(2) 2746(2) 4318(1) 5971(2) 6654(1) 7226(1) 7275(2) 8572(2) 11191(2) 13897(1) 14479(1) 15216(1)
41279;15;4;19;536(2) 3021(1) 3392(1) 5762(1) 6489(1) 8302(1) 8374(1) 8583(2) 9491(1) 10111(1) 11283(1) 11623(1) 12883(1) 13179(1) 14557(2) 14623(1) 14941(1) 14997(2) 15864(1)
69984;11;8;19;992(1) 1171(2) 1878(2) 2378(1) 3009(2) 4125(2) 7217(2) 7426(1) 8303(1) 8561(2) 9896(1) 10642(1) 11198(1) 12233(1) 12243(1) 12258(1) 12552(2) 13064(2) 13442(1)
38977;11;8;19;961(2) 1140(2) 1856(1) 3050(2) 3516(1) 3639(2) 3640(1) 3747(2) 3998(2) 4633(1) 5626(2) 6527(1) 6560(1) 7289(1) 10681(1) 11179(2) 12713(1) 14390(1) 15909(1)
675;0;18;18;1310(2) 2255(2) 2904(2) 4386(2) 6286(2) 7654(2) 7747(2) 7764(2) 7846(2) 8337(2) 8759(2) 8972(2) 10541(2) 11239(2) 12199(2) 12286(2) 14972(2) 15517(2)
325;9;9;18;1040(2) 2060(2) 2106(1) 2244(1) 2622(1) 5408(1) 7312(2) 8157(2) 9187(1) 9364(2) 10338(2) 10478(1) 10500(1) 10660(2) 11091(2) 12733(1) 14684(2) 15221(1)
305;0;18;18;738(2) 2594(2) 2712(2) 3253(2) 3472(2) 4336(2) 4359(2) 4921(2) 6520(2) 7960(2) 10740(2) 11141(2) 12708(2) 12718(2) 12719(2) 12778(2) 15025(2) 15847(2)
765;0;18;18;1305(2) 2117(2) 3429(2) 6463(2) 8478(2) 8688(2) 8689(2) 8690(2) 8692(2) 8693(2) 9965(2) 9971(2) 10653(2) 11935(2) 12584(2) 14273(2) 15771(2) 15772(2)
4309;1;17;18;6486(2) 6798(2) 7078(2) 7989(2) 8175(2) 9289(2) 11426(2) 12561(2) 12987(2) 13691(2) 13971(2) 13985(2) 14402(2) 14746(2) 15031(2) 15371(2) 15398(1) 15969(2)
9262;5;13;18;430(1) 886(2) 3975(2) 5337(1) 5752(2) 6005(1) 9637(2) 10864(2) 11058(2) 11127(2) 11326(2) 12316(2) 13005(1) 13049(2) 13079(2) 14260(2) 14896(1) 16025(2)
1148;9;9;18;3198(2) 4187(2) 4607(1) 5744(2) 6017(1) 6417(1) 11406(2) 11527(2) 11613(2) 11895(2) 12489(1) 12595(1) 12886(1) 13289(1) 13303(2) 13912(1) 14281(2) 15636(1)
950;16;2;18;99(1) 151(1) 749(2) 3469(1) 3471(1) 3473(1) 4213(1) 4687(1) 6920(2) 7537(1) 9321(1) 9678(1) 10747(1) 11666(1) 11675(1) 11678(1) 13457(1) 14682(1)
11935;1;17;18;69(2) 1588(2) 3036(2) 3132(2) 3648(1) 5163(2) 5891(2) 6359(2) 6579(2) 6692(2) 7077(2) 8779(2) 12341(2) 12405(2) 13268(2) 13418(2) 14797(2) 14875(2)
3388;12;6;18;90(1) 1341(1) 2568(2) 3162(1) 3412(1) 3642(1) 5128(1) 5314(2) 5381(1) 6021(2) 6322(1) 6840(2) 8174(1) 10968(2) 13533(2) 13565(1) 15268(1) 15859(1)
8796;3;15;18;3455(1) 3536(2) 4066(2) 4190(1) 4343(2) 4842(2) 4847(2) 5632(2) 6879(1) 8307(2) 9241(2) 9474(2) 12463(2) 12671(2) 12673(2) 12699(2) 15868(2) 15900(2)
41371;13;5;18;3022(1) 6934(1) 9228(2) 10111(1) 10215(2) 10441(1) 10887(1) 10933(1) 11226(2) 12661(1) 13421(1) 13508(1) 13572(2) 14202(1) 14520(1) 14648(2) 15864(1) 15927(1)
48879;14;4;18;967(1) 1087(1) 3031(2) 4288(1) 4643(1) 4659(1) 4833(1) 5606(1) 5826(1) 6156(2) 6551(1) 7553(2) 9876(1) 10029(2) 10635(1) 11225(1) 14814(1) 14979(1)
16177;8;10;18;2463(2) 3506(2) 6682(1) 8044(1) 8396(2) 8416(2) 8477(2) 10110(2) 10288(1) 11155(1) 12267(2) 13508(1) 13810(2) 14278(2) 15565(1) 15568(1) 15580(2) 15916(1)
49903;7;11;18;410(2) 868(1) 1727(2) 4245(1) 4669(2) 6054(2) 7025(2) 8598(1) 8615(1) 9574(2) 9589(2) 10140(2) 11302(1) 12454(2) 12554(2) 13240(2) 14316(1) 14428(1)
1657;3;15;18;526(2) 651(2) 1533(1) 3771(2) 5376(2) 5559(2) 6441(2) 7385(2) 7437(2) 7776(2) 8530(2) 9175(2) 10562(1) 11999(2) 12703(2) 13060(1) 13228(2) 14685(2)
20133;15;3;18;813(1) 1103(1) 1275(1) 3718(1) 6059(2) 6385(1) 7979(1) 8526(1) 9181(1) 9384(1) 9915(1) 10188(1) 12151(1) 12268(2) 13866(1) 14176(2) 15110(1) 16000(1)
19582;7;11;18;233(2) 457(2) 458(2) 477(2) 1830(2) 5538(2) 5570(2) 8603(2) 8919(2) 8995(1) 9243(1) 9382(2) 10292(2) 11376(1) 13368(1) 13747(1) 14609(1) 15489(1)
33308;9;9;18;213(2) 242(2) 263(1) 643(1) 1488(2) 4155(2) 4963(2) 7053(1) 7687(2) 7735(1) 8285(1) 8701(1) 9452(2) 9770(2) 10074(1) 11508(2) 14183(1) 14471(1)
53118;13;5;18;800(1) 1999(1) 3239(2) 3641(1) 3667(1) 3991(1) 6119(1) 9773(2) 9949(1) 10111(1) 10179(1) 10543(1) 11427(2) 11881(2) 11939(1) 12493(2) 13132(1) 13413(1)
65677;9;9;18;6543(1) 8557(1) 8716(1) 9015(1) 9224(2) 9259(1) 9850(2) 10188(1) 11346(2) 11689(2) 11878(2) 12220(2) 13697(2) 13722(1) 14058(2) 14296(2) 15636(1) 16041(1)
90912;13;5;18;411(1) 800(1) 1400(1) 2084(1) 3456(2) 4157(2) 4318(1) 4437(2) 8233(1) 8340(1) 10490(1) 11120(1) 11647(1) 12335(1) 13394(1) 13681(2) 14602(1) 14728(2)
1026;0;17;17;199(2) 224(2) 298(2) 303(2) 321(2) 322(2) 326(2) 378(2) 491(2) 4816(2) 7186(2) 8613(2) 9406(2) 9413(2) 9416(2) 9417(2) 11362(2)
5344;0;17;17;782(2) 1308(2) 3399(2) 5089(2) 7507(2) 7814(2) 7820(2) 7822(2) 7828(2) 10822(2) 10890(2) 11791(2) 11807(2) 12479(2) 14828(2) 15077(2) 15446(2)
3636;8;9;17;884(2) 1852(2) 1853(1) 3442(1) 4132(1) 4949(2) 4998(1) 5108(1) 5495(2) 5789(2) 6340(2) 6591(1) 7366(2) 7692(2) 12164(2) 14311(1) 14377(1)
3043;0;17;17;639(2) 725(2) 900(2) 1430(2) 2963(2) 2964(2) 7374(2) 9608(2) 11269(2) 11271(2) 11274(2) 11275(2) 11276(2) 11278(2) 11279(2) 14439(2) 14662(2)
14213;6;11;17;311(2) 927(2) 1233(1) 1851(1) 1873(2) 2224(1) 2504(2) 2885(2) 3764(2) 3793(1) 4811(1) 6245(2) 8771(2) 9385(2) 9805(2) 10490(1) 13780(2)
32928;12;5;17;437(2) 560(1) 669(1) 1332(2) 3650(1) 4681(1) 5574(1) 5799(2) 5964(1) 7398(2) 8327(2) 9603(1) 11183(1) 11727(1) 14102(1) 15304(1) 15991(1)
20312;9;8;17;485(1) 562(1) 4002(1) 4191(1) 5257(1) 5362(1) 7324(2) 8101(2) 9079(1) 9880(2) 9966(2) 10124(2) 10393(1) 10905(2) 12621(2) 14671(2) 14822(1)
19435;12;5;17;617(1) 1103(1) 3010(2) 3791(1) 4255(1) 5013(1) 5973(1) 6118(1) 6385(1) 6949(1) 8664(1) 9915(1) 10188(1) 10789(2) 13349(2) 13854(2) 13866(2)
30332;3;14;17;156(2) 1493(2) 2789(1) 4476(2) 5137(1) 5215(2) 6807(2) 6872(2) 7292(2) 7531(2) 9199(2) 9564(2) 10991(2) 11184(2) 11805(2) 12721(2) 12883(1)
44484;11;6;17;205(2) 2342(1) 2399(1) 4430(2) 4945(1) 8336(2) 8606(2) 8634(1) 8968(1) 9442(1) 10821(1) 11766(1) 12911(1) 13132(1) 13216(2) 13967(2) 14413(1)
7971;14;3;17;4385(1) 7314(1) 7749(1) 8203(1) 9074(1) 9759(2) 11348(1) 12054(1) 14175(1) 14583(2) 15129(1) 15151(1) 15152(1) 15218(2) 15445(1) 15634(1) 15831(1)
50975;10;7;17;146(1) 1085(2) 2239(1) 3057(1) 3631(1) 4860(2) 6501(1) 6502(1) 7470(2) 7670(2) 12402(1) 12595(1) 12785(2) 13298(1) 13715(2) 15310(2) 15947(1)
18106;8;9;17;318(1) 364(2) 2652(1) 4681(1) 5964(2) 7522(2) 7935(1) 8554(2) 9550(2) 10049(1) 11727(1) 12342(2) 13590(1) 13591(2) 14668(1) 15163(2) 15264(2)
12725;10;7;17;226(2) 692(2) 1322(1) 2180(2) 2797(2) 3504(2) 4938(1) 4977(1) 7538(1) 7539(1) 8587(1) 8819(2) 11097(2) 12749(1) 13217(1) 13449(1) 14096(1)
53129;12;5;17;34(2) 1086(2) 1604(1) 3482(2) 4592(2) 5546(1) 6268(1) 7514(1) 7519(1) 9127(1) 9268(1) 9662(1) 11089(1) 11314(1) 11908(1) 14634(1) 16044(2)
36316;5;12;17;548(1) 1147(2) 1669(2) 2944(2) 4317(2) 5007(2) 5584(2) 5667(2) 5668(2) 6415(1) 7175(2) 8191(1) 10077(1) 11578(2) 11748(1) 13702(2) 16042(2)
28667;9;8;17;2487(2) 2537(1) 2771(2) 2985(2) 3432(2) 3715(1) 4695(2) 9488(1) 10944(2) 12393(1) 12916(1) 13134(1) 14056(2) 14080(2) 14971(1) 15115(1) 15843(1)
49460;11;6;17;237(1) 787(2) 3687(1) 4549(1) 5121(2) 5312(2) 6759(2) 7182(1) 9949(1) 12953(1) 12990(2) 13002(1) 13132(1) 13364(2) 13574(1) 15511(1) 15838(1)
41320;5;12;17;2645(2) 4706(1) 5663(1) 8580(2) 9690(2) 9691(2) 9869(2) 10793(2) 11676(1) 13045(2) 13502(2) 14522(2) 14523(1) 14716(2) 14717(2) 14732(2) 15880(1)
77278;10;7;17;102(2) 195(2) 313(1) 1436(1) 3708(1) 3884(1) 4478(2) 6686(2) 6809(2) 8533(1) 8859(2) 10346(1) 13218(2) 13508(1) 13633(1) 13851(1) 13896(1)
42621;8;9;17;916(2) 3493(1) 3918(2) 8023(2) 9698(1) 10111(1) 11174(2) 11322(2) 11984(2) 12041(1) 12460(1) 13030(2) 13143(1) 13185(2) 13727(2) 14652(1) 15134(1)
43824;13;4;17;218(2) 2499(1) 3378(1) 4789(1) 5844(2) 6409(1) 8535(1) 10060(1) 10891(1) 11418(1) 11470(1) 11932(2) 12870(1) 12883(1) 14149(1) 14744(2) 15656(1)
28506;12;5;17;3073(1) 3645(2) 4171(1) 4492(1) 5526(2) 7378(1) 7497(1) 7552(1) 8190(2) 8836(1) 8837(2) 9140(1) 11319(1) 12394(1) 14888(1) 15068(2) 15852(1)
70307;12;5;17;4446(2) 5755(1) 5969(1) 6934(1) 7092(2) 7153(1) 8339(1) 9430(1) 9508(2) 11623(1) 11910(2) 11939(1) 13132(1) 13679(1) 14413(1) 14896(1) 15812(2)
398;0;16;16;788(2) 1676(2) 1936(2) 2029(2) 2140(2) 4398(2) 5979(2) 6496(2) 6888(2) 7734(2) 9264(2) 10327(2) 13304(2) 13340(2) 15017(2) 15022(2)
5459;2;14;16;314(2) 968(2) 1032(2) 1042(2) 1593(2) 2079(2) 7594(1) 7754(2) 7978(2) 8375(2) 8750(2) 11481(2) 12065(2) 15311(1) 15672(2) 15842(2)
4634;0;16;16;560(2) 669(2) 3336(2) 5104(2) 5574(2) 7307(2) 7880(2) 9434(2) 9603(2) 11183(2) 12141(2) 12176(2) 12747(2) 13136(2) 14079(2) 16020(2)
2930;1;15;16;1853(2) 2323(2) 3442(2) 4132(2) 4790(2) 4998(2) 5108(2) 5630(2) 6591(2) 6896(2) 8675(2) 10794(1) 12630(2) 14311(2) 14377(2) 14907(2)
4890;2;14;16;597(2) 952(2) 2637(2) 5420(2) 7000(2) 8662(2) 9641(2) 10312(2) 10856(2) 11462(2) 11965(1) 12206(1) 12305(2) 13554(2) 14133(2) 14134(2)
7990;4;12;16;1623(1) 2019(2) 3227(2) 3946(2) 11370(1) 11374(2) 11503(2) 12734(2) 12870(1) 13461(2) 13659(2) 14343(2) 15054(2) 15255(2) 15509(2) 15707(1)
17848;7;9;16;2094(2) 3414(2) 3430(1) 3463(1) 4521(2) 6041(2) 6769(2) 7879(1) 10181(2) 10615(1) 10975(2) 11034(1) 14667(2) 14668(1) 15065(2) 15109(1)
5054;0;16;16;179(2) 1725(2) 3477(2) 4042(2) 5129(2) 5189(2) 7482(2) 9360(2) 9551(2) 10980(2) 11582(2) 11585(2) 12555(2) 13336(2) 14488(2) 14807(2)
13801;0;16;16;79(2) 271(2) 836(2) 858(2) 2258(2) 3260(2) 3422(2) 4357(2) 4850(2) 5493(2) 7527(2) 11742(2) 12021(2) 12772(2) 14142(2) 14412(2)
23538;2;14;16;273(2) 888(2) 1983(2) 2371(2) 4532(2) 6026(2) 8070(2) 8155(2) 8587(1) 8678(2) 8743(2) 9526(2) 10108(2) 10127(2) 12376(1) 14763(2)
8264;2;14;16;2670(2) 4318(1) 6717(2) 6760(2) 8069(2) 8403(2) 8552(2) 8844(2) 9515(2) 10863(2) 11233(1) 12230(2) 13410(2) 13832(2) 13872(2) 15719(2)
15661;12;4;16;7749(1) 8119(2) 9074(1) 9319(1) 10097(1) 10356(2) 10634(1) 10654(2) 11129(1) 11643(1) 11774(1) 12597(1) 14193(1) 14265(2) 14670(1) 14679(1)
35572;5;11;16;2884(2) 3235(2) 3817(2) 3891(1) 4209(2) 5520(2) 5835(1) 6227(2) 7080(2) 8107(1) 9865(2) 10474(1) 11102(2) 12385(2) 13352(1) 14585(2)
9942;10;6;16;623(2) 1466(1) 4450(1) 5062(1) 5068(2) 6932(1) 8016(2) 8177(1) 9684(2) 12421(2) 12882(1) 13152(2) 14533(1) 15139(1) 15166(1) 15235(1)
65216;11;5;16;1036(1) 1590(2) 2205(1) 5230(2) 5919(2) 5926(2) 7240(1) 7665(1) 8033(2) 8607(1) 9346(1) 11928(1) 12101(1) 14036(1) 14894(1) 15123(1)
66139;9;7;16;1206(1) 1859(2) 1860(1) 1952(2) 5470(1) 6136(2) 7703(2) 7705(2) 8410(1) 8639(1) 9173(2) 9774(2) 10735(1) 13835(1) 15647(1) 15740(1)
25417;6;10;16;1639(2) 1706(2) 6005(1) 8208(2) 11422(1) 12964(2) 12978(2) 12979(2) 12988(2) 13835(1) 14678(2) 14874(2) 14896(1) 15351(1) 15636(1) 15786(2)
50549;4;12;16;211(2) 338(1) 433(2) 2408(2) 2887(2) 4303(2) 6451(2) 8774(1) 9807(2) 10703(2) 11397(2) 12182(2) 12682(1) 13224(1) 13984(2) 15307(2)
25301;11;5;16;2214(2) 8097(1) 9717(2) 9734(1) 10309(2) 11589(1) 11611(1) 11840(1) 13237(1) 14864(2) 15362(1) 15502(2) 15543(1) 15550(1) 15731(1) 16029(1)
42213;12;4;16;1497(2) 1755(2) 2856(2) 5010(1) 6831(1) 7489(1) 7951(1) 7968(1) 8922(1) 9212(1) 9934(1) 11548(1) 12053(1) 14001(1) 15633(2) 16043(1)
64594;12;4;16;3067(1) 4234(1) 4923(2) 5003(1) 6563(2) 6780(1) 8855(1) 11088(1) 12052(1) 12434(1) 13042(1) 13600(2) 14128(1) 14202(1) 15749(1) 15949(2)
65752;12;4;16;909(1) 1894(2) 4520(1) 5234(1) 5755(1) 6945(2) 8032(1) 8731(1) 9699(1) 10423(1) 11556(2) 11978(2) 14378(1) 15397(1) 15788(1) 15909(1)
17336;7;9;16;2859(2) 4318(1) 6422(1) 6485(2) 7334(2) 7508(2) 7682(1) 9838(2) 10670(2) 10714(2) 11236(1) 12940(1) 13430(2) 13897(1) 13988(2) 15884(1)
64888;9;7;16;5091(2) 5635(1) 6692(1) 6695(1) 6966(1) 7062(2) 7077(1) 8133(2) 8998(2) 10599(1) 11084(2) 11846(1) 14927(2) 15116(1) 15450(1) 15506(2)
31306;4;12;16;1604(1) 2763(2) 5114(2) 6093(1) 6933(2) 6936(2) 6940(2) 6941(2) 8452(2) 9071(1) 11088(2) 11908(1) 13241(2) 14348(2) 14352(2) 15107(2)
97037;10;6;16;815(2) 4084(1) 4728(1) 5046(2) 6380(2) 6629(1) 7031(2) 9063(1) 10032(1) 10052(2) 10127(1) 10169(1) 10919(2) 11417(1) 11643(1) 12104(1)
31851;4;12;16;143(2) 472(2) 1909(1) 3005(1) 3070(2) 3392(2) 4006(2) 4008(2) 5539(1) 6108(2) 9095(2) 9491(1) 10506(2) 10507(2) 15155(2) 15924(2)
66603;10;6;16;604(1) 2324(2) 3352(2) 5925(1) 7933(1) 8625(1) 9008(2) 9030(2) 9979(1) 10665(2) 10698(2) 11765(1) 12469(1) 12804(1) 13711(1) 15702(1)
48787;13;3;16;2050(1) 2239(1) 4450(1) 4657(1) 5315(2) 6187(1) 6659(2) 6754(1) 7577(1) 8251(1) 9758(1) 10471(1) 12541(2) 12595(1) 13298(1) 15825(1)
41908;10;6;16;1233(1) 2820(1) 3958(2) 6255(2) 6500(2) 7655(1) 8110(1) 10426(2) 11443(1) 12486(1) 12502(2) 12870(1) 12883(1) 15018(1) 15021(1) 15872(2)
30715;12;4;16;2825(1) 3163(1) 3724(2) 4613(1) 4993(1) 6406(1) 7410(1) 10102(2) 11049(1) 11422(1) 11588(1) 13596(2) 14496(1) 14561(2) 14863(1) 15636(1)
39163;6;10;16;1027(2) 2720(2) 2747(1) 3047(2) 3708(1) 4322(2) 5141(2) 5791(2) 5820(2) 9437(2) 9969(1) 10474(1) 13046(1) 14665(2) 15635(2) 15693(1)
92804;11;5;16;429(2) 5063(1) 7488(1) 7761(2) 8105(1) 8738(1) 9396(2) 9897(1) 10096(2) 10844(1) 11028(2) 11871(1) 12911(1) 14078(1) 15298(1) 15814(1)
67797;5;11;16;635(2) 3387(2) 3610(1) 7231(1) 8847(2) 10887(2) 11142(1) 11169(2) 11683(2) 11687(2) 12476(1) 13368(2) 14597(2) 15052(1) 15219(2) 16014(2)
4321;1;14;15;1837(2) 2187(2) 5712(2) 7462(2) 9230(2) 10331(2) 10710(2) 13111(2) 13281(2) 13313(2) 13805(2) 13807(2) 13944(2) 14184(1) 15615(2)
5919;1;14;15;134(2) 2378(2) 2485(2) 2780(2) 2935(1) 3302(2) 3765(2) 5900(2) 6734(2) 7354(2) 9128(2) 11310(2) 11941(2) 12848(2) 13801(2)
6631;8;7;15;1491(2) 1562(2) 1641(1) 2038(1) 4255(2) 4915(1) 5467(1) 5680(1) 6406(1) 7325(1) 8848(2) 8914(1) 8938(2) 12144(2) 15974(2)
32161;10;5;15;574(2) 1433(1) 2104(2) 2416(1) 2924(1) 2955(1) 5638(1) 9333(1) 10700(1) 11379(2) 11380(2) 11568(1) 12409(1) 12569(2) 12947(1)
13904;1;14;15;829(2) 1563(2) 1564(2) 1566(2) 1567(2) 1568(2) 2774(1) 3190(2) 5050(2) 7713(2) 8091(2) 8254(2) 10008(2) 12353(2) 13149(2)
5740;8;7;15;2366(1) 2960(2) 3343(1) 4258(1) 5041(2) 5135(2) 6961(1) 7086(1) 7135(2) 8958(2) 9157(1) 11573(2) 11600(1) 12132(1) 14516(2)
9623;3;12;15;680(2) 4409(1) 9441(2) 9519(2) 9521(2) 9533(2) 9541(2) 9863(2) 9893(2) 10221(2) 11421(1) 11712(1) 11992(2) 13454(2) 13676(2)
4543;4;11;15;525(2) 2120(2) 6164(1) 7248(2) 7452(2) 8514(1) 11073(2) 11457(2) 11516(2) 11947(2) 12542(2) 12595(1) 12643(1) 14669(2) 15774(2)
34089;6;9;15;180(2) 2528(1) 2823(2) 3691(2) 3695(2) 3857(2) 4653(1) 4895(2) 5922(1) 7182(2) 10564(1) 13002(1) 13585(2) 13586(2) 15838(1)
16937;3;12;15;1460(2) 4344(2) 4415(2) 4634(2) 5730(2) 8310(2) 8316(2) 9168(2) 11204(2) 11909(2) 12304(1) 13815(1) 14237(1) 15501(2) 16045(2)
37173;5;10;15;69(1) 498(2) 2003(2) 2938(2) 3703(1) 5354(2) 5564(2) 5810(1) 7817(2) 8843(2) 8944(2) 12648(2) 13506(2) 14914(1) 15128(1)
45756;3;12;15;172(2) 3933(2) 4224(2) 4318(1) 9354(2) 10423(1) 10717(2) 11114(2) 12195(1) 12205(2) 12302(2) 12335(2) 12620(2) 13623(2) 15279(2)
35567;3;12;15;121(2) 2801(2) 2976(2) 3051(2) 3520(2) 3586(2) 3833(1) 7777(1) 8285(2) 8974(2) 10180(2) 10185(1) 10517(2) 13644(2) 14120(2)
9769;2;13;15;3398(2) 3430(1) 4290(2) 5280(2) 7925(2) 9027(1) 10615(2) 10616(2) 11110(2) 11300(2) 11401(2) 12462(2) 13267(2) 13396(2) 15262(2)
43886;2;13;15;3600(2) 3861(2) 4366(2) 5015(2) 8015(1) 8749(1) 9615(2) 10069(2) 10404(2) 12240(2) 12298(2) 12322(2) 13167(2) 14125(2) 14635(2)
6686;2;13;15;19(1) 51(2) 56(2) 58(2) 5174(2) 5180(2) 6664(2) 6670(2) 9630(2) 10619(2) 10964(2) 11703(2) 13209(2) 13787(2) 14009(1)
40377;5;10;15;129(1) 928(1) 2744(2) 2837(2) 2851(2) 3055(1) 3562(2) 4407(1) 4490(2) 5370(2) 7057(2) 8217(2) 9431(2) 11137(1) 12339(2)
51803;5;10;15;509(2) 701(2) 898(2) 1768(2) 2391(2) 6424(2) 6507(2) 8319(1) 9278(1) 10348(1) 12501(2) 13948(2) 14158(1) 14925(2) 15236(1)
64588;9;6;15;307(1) 1897(2) 3055(1) 4553(2) 6452(1) 7950(1) 10270(2) 12050(1) 12339(1) 13370(1) 13835(1) 13971(1) 14431(2) 14552(2) 15992(2)
27688;2;13;15;13(2) 2489(1) 5272(2) 6383(2) 6725(2) 6730(2) 10815(2) 10982(2) 12516(1) 12532(2) 12698(2) 12700(2) 13051(2) 13293(2) 15903(2)
15535;12;3;15;3769(1) 3842(1) 6283(1) 6287(1) 6601(1) 8304(1) 9376(2) 10245(2) 10373(1) 10374(1) 12428(1) 12758(1) 13525(2) 14946(1) 15493(1)
34393;11;4;15;181(1) 655(1) 2024(1) 2287(2) 3869(2) 4534(1) 5887(1) 5895(1) 5908(1) 6286(1) 6605(1) 10567(2) 12208(2) 13819(1) 16036(1)
65148;4;11;15;535(2) 3651(2) 4167(2) 4272(1) 6897(2) 7873(1) 8288(2) 9458(2) 10207(1) 11907(2) 12071(2) 12669(1) 13197(2) 14809(2) 15503(2)
14604;12;3;15;7749(1) 7842(1) 9831(1) 11348(1) 11643(1) 12054(1) 12438(1) 12597(1) 13327(2) 13328(2) 13581(1) 14193(1) 14670(2) 15117(1) 15445(1)
66578;10;5;15;238(2) 844(1) 1076(1) 6018(1) 7410(1) 7603(1) 8275(2) 8513(2) 8853(1) 11115(1) 11116(1) 11218(1) 11667(2) 13109(2) 15216(1)
69699;11;4;15;131(2) 3307(1) 4632(2) 4643(1) 5974(1) 6349(1) 8204(1) 9202(1) 9969(1) 10856(1) 10982(1) 12516(1) 12655(1) 13306(2) 15567(2)
38543;8;7;15;217(1) 989(2) 1012(2) 1234(2) 3499(1) 4647(2) 5071(1) 6986(2) 9721(2) 14310(1) 14649(1) 14703(1) 14762(1) 14993(2) 15289(1)
56597;6;9;15;973(1) 1694(2) 2989(2) 3307(1) 4289(2) 4318(1) 4821(2) 7767(2) 9407(2) 10028(2) 10521(2) 13074(1) 13541(1) 15408(2) 15719(1)
96448;9;6;15;2868(1) 3012(2) 3205(1) 6162(1) 6615(2) 6768(2) 9452(1) 11564(2) 11757(1) 11916(1) 11973(2) 12330(1) 13434(1) 14039(2) 14616(1)
56589;5;10;15;152(2) 267(1) 1218(2) 3212(2) 3293(2) 3702(1) 6695(1) 7583(1) 7735(2) 7895(2) 8781(1) 11409(2) 11846(2) 13270(2) 15470(2)
23420;2;13;15;743(2) 880(2) 1202(2) 1347(2) 1367(2) 1375(2) 4646(2) 9765(2) 10080(1) 10152(2) 12009(1) 12603(2) 14256(2) 15639(2) 15820(2)
45016;6;9;15;1123(2) 5977(2) 7595(2) 8422(2) 10309(1) 10647(2) 10728(2) 10729(1) 10970(2) 11226(1) 11611(1) 12661(1) 12711(2) 13558(2) 15148(1)
3293;2;12;14;105(2) 1099(2) 2505(2) 3112(2) 7119(1) 7120(2) 7669(1) 10543(2) 10758(2) 11045(2) 11298(2) 11442(2) 13634(2) 14504(2)
20255;10;4;14;3949(1) 4165(1) 5253(1) 5620(2) 5692(1) 6048(1) 9203(1) 9297(1) 9461(2) 10347(2) 13851(1) 15483(1) 15690(2) 15837(1)
41135;3;11;14;445(2) 512(1) 588(2) 688(2) 1524(1) 2137(2) 2145(2) 2844(2) 3045(2) 4380(2) 6528(2) 9527(2) 9571(1) 13252(2)
16753;1;13;14;178(2) 3587(2) 6044(2) 6330(2) 6661(2) 9138(2) 9623(2) 9826(2) 10462(2) 12045(1) 14170(2) 14461(2) 15090(2) 15640(2)
14281;5;9;14;493(1) 673(2) 1098(2) 2310(2) 3680(1) 3886(2) 4337(2) 4937(2) 5355(2) 7494(1) 8194(2) 10018(1) 13929(1) 14279(2)
22977;5;9;14;95(2) 602(2) 1167(1) 2147(2) 2150(1) 3221(2) 4199(2) 4200(2) 7877(2) 7894(2) 8225(1) 9121(1) 12317(1) 14456(2)
37868;4;10;14;83(2) 1177(2) 2555(2) 2952(1) 3570(2) 5061(2) 5852(2) 6409(1) 6559(2) 6943(1) 10075(2) 10362(2) 12364(2) 12654(1)
39641;3;11;14;648(2) 1174(2) 1376(1) 1564(1) 1670(2) 2201(2) 3423(2) 7564(2) 8158(2) 9978(2) 12842(2) 13015(2) 14767(2) 15981(1)
31354;10;4;14;800(1) 2637(1) 3836(2) 4318(1) 6207(2) 6349(1) 8868(1) 9027(1) 9969(1) 12516(1) 12707(2) 12883(1) 13508(1) 15963(2)
61666;6;8;14;2179(2) 2330(2) 2491(2) 3058(1) 3307(1) 3925(2) 4318(1) 4554(1) 7019(2) 8758(2) 11181(2) 11957(2) 13500(1) 13984(1)
17126;2;12;14;1636(2) 4797(2) 5158(2) 5757(2) 6242(2) 6935(2) 7404(2) 8406(2) 9510(2) 9596(2) 11863(2) 12451(1) 13835(1) 14261(2)
14601;3;11;14;4967(2) 5690(2) 6847(1) 7320(2) 7585(1) 8589(1) 10116(2) 11482(2) 11763(2) 13394(2) 13483(2) 13744(2) 15852(2) 15906(2)
17245;1;13;14;4211(2) 4944(2) 5510(2) 6988(2) 9034(1) 9141(2) 9244(2) 11797(2) 12191(2) 12244(2) 13668(2) 14379(2) 15074(2) 15572(2)
21963;2;12;14;155(2) 708(2) 2181(2) 3736(2) 8232(2) 8717(2) 8838(2) 10452(2) 10825(2) 11166(2) 13108(2) 13131(2) 13793(1) 15645(1)
19255;2;12;14;127(2) 2366(1) 2375(2) 3102(2) 6317(1) 7295(2) 8957(2) 10596(2) 11270(2) 12001(2) 12078(2) 12889(2) 13275(2) 15661(2)
33031;7;7;14;2906(1) 3168(2) 4912(2) 6361(2) 7514(1) 7726(1) 7883(1) 9516(2) 9657(2) 9662(2) 11089(1) 12642(2) 13903(1) 15938(1)
11749;2;12;14;849(2) 3156(2) 3564(2) 3986(2) 4512(2) 6319(2) 6494(2) 6792(2) 8644(1) 8878(2) 9373(2) 12461(2) 14413(1) 16026(2)
12223;4;10;14;830(2) 972(2) 3147(2) 4523(2) 6727(2) 7570(2) 7736(2) 7793(1) 8770(2) 9369(1) 10073(2) 12773(1) 12915(2) 15909(1)
16233;4;10;14;3996(2) 6005(1) 8124(2) 8357(2) 8618(2) 8730(2) 9899(2) 10581(2) 11422(1) 12056(2) 13614(2) 14064(2) 14260(1) 15636(1)
69439;10;4;14;4843(2) 5758(2) 5783(2) 6732(1) 7599(1) 8445(1) 8975(2) 9497(1) 9599(1) 11422(1) 11590(1) 12595(1) 12886(1) 15416(1)
49600;10;4;14;1097(2) 3531(1) 4643(1) 5268(1) 5974(1) 7285(2) 8006(1) 10201(1) 11166(1) 12655(1) 12883(1) 12910(1) 13966(2) 14271(2)
31231;10;4;14;990(1) 1935(1) 2734(2) 3608(1) 7053(2) 8379(1) 8628(1) 9845(1) 9968(1) 13453(1) 14227(2) 14252(1) 15596(1) 15618(2)
47158;5;9;14;1027(1) 2562(2) 2564(1) 5127(2) 7987(2) 8966(2) 9696(2) 9819(2) 11063(1) 12050(1) 15829(2) 15871(2) 15898(2) 15899(1)
57578;11;3;14;850(1) 960(1) 2433(1) 3493(1) 4477(1) 7922(1) 10528(2) 10938(1) 11005(1) 12320(2) 12781(2) 13565(1) 14410(1) 15268(1)
77414;11;3;14;881(2) 2685(1) 2778(2) 3241(1) 3404(1) 4537(1) 5910(2) 7009(1) 7665(1) 12711(1) 13274(1) 13543(1) 13544(1) 15878(1)
26695;10;4;14;3049(2) 3709(1) 8435(2) 8738(1) 8927(1) 10067(2) 10093(1) 10157(2) 10341(1) 10514(1) 11766(1) 13958(1) 15207(1) 15815(1)
30459;12;2;14;3163(1) 5051(1) 5147(1) 5856(2) 6152(1) 6153(1) 7665(1) 8380(1) 8788(1) 9841(1) 11053(2) 11422(1) 11795(1) 12882(1)
32797;10;4;14;771(1) 3503(2) 4350(1) 4354(2) 5663(1) 6037(2) 6979(1) 7302(1) 8171(1) 8590(1) 10212(1) 10407(1) 10612(2) 13825(1)
33012;11;3;14;920(1) 2483(1) 3923(2) 4022(2) 6497(1) 7128(2) 8090(1) 8564(1) 11487(1) 11928(1) 13382(1) 14036(1) 14359(1) 16048(1)
41490;6;8;14;800(1) 1557(2) 6983(2) 7655(1) 10111(1) 11246(2) 11470(1) 12870(1) 14233(2) 14387(2) 14816(1) 14870(2) 14876(2) 15062(2)
84780;10;4;14;800(1) 2025(1) 4942(2) 5451(1) 5569(1) 5755(1) 6517(2) 6605(1) 7007(2) 8070(1) 8940(1) 11158(1) 14730(2) 15348(1)
46913;9;5;14;309(1) 424(2) 795(1) 3376(2) 4275(2) 5197(1) 6990(1) 8591(1) 9583(2) 11319(1) 13465(2) 14096(1) 15093(1) 15402(1)
48829;9;5;14;2798(2) 3091(1) 5478(1) 5677(1) 9460(2) 9587(1) 10101(2) 11519(2) 11983(1) 12717(1) 12748(1) 13195(2) 14526(1) 14880(1)
64682;6;8;14;185(2) 5270(2) 7359(1) 8272(1) 9243(1) 10081(1) 11433(2) 12936(2) 13478(1) 14158(2) 14450(2) 15216(1) 15727(2) 15958(2)
111598;8;6;14;1580(1) 3682(1) 5324(1) 6169(2) 6914(2) 8509(2) 8513(1) 9452(1) 9611(2) 10480(1) 11778(2) 12494(1) 14588(1) 14811(2)
43450;9;5;14;247(2) 2637(1) 2762(2) 7000(1) 11088(1) 11234(2) 11922(1) 12832(1) 13271(1) 13824(2) 13902(2) 15107(1) 15444(1) 15519(1)
4085;0;13;13;1208(2) 1641(2) 2038(2) 3209(2) 4028(2) 4043(2) 4915(2) 5467(2) 5475(2) 5680(2) 6186(2) 7325(2) 8914(2)
2953;0;13;13;268(2) 2579(2) 3115(2) 3318(2) 7513(2) 8471(2) 8489(2) 8932(2) 9926(2) 10583(2) 11145(2) 12866(2) 15190(2)
21242;2;11;13;842(2) 950(2) 1032(1) 2830(2) 5585(2) 7378(2) 8407(2) 8449(2) 9160(2) 11467(2) 13243(1) 13654(2) 14204(2)
15442;2;11;13;2(2) 3(1) 38(2) 4496(2) 8273(2) 10224(2) 10256(2) 11295(2) 13073(2) 13182(2) 13411(2) 14009(1) 15946(2)
27471;8;5;13;2934(2) 3761(2) 4111(1) 4580(2) 4584(2) 7842(1) 8351(1) 10855(1) 12041(1) 13086(2) 13143(1) 13296(1) 15237(1)
25996;2;11;13;5364(1) 5832(2) 7627(2) 7757(2) 8536(2) 9111(2) 9118(2) 11056(1) 11132(2) 12314(2) 14654(2) 15145(2) 15498(2)
17494;1;12;13;106(2) 2595(2) 2952(2) 6124(2) 6409(1) 6943(2) 7468(2) 8333(2) 10092(2) 12654(2) 13814(2) 15353(2) 15594(2)
16434;3;10;13;584(1) 4173(2) 4952(2) 7124(1) 7458(2) 7930(2) 8344(2) 9276(2) 9939(2) 10278(2) 12134(2) 13850(2) 14359(1)
19723;3;10;13;562(2) 1674(2) 4002(2) 4191(2) 5362(1) 8642(2) 8794(2) 9079(2) 10393(2) 12481(2) 12619(2) 14822(1) 15256(1)
65487;5;8;13;794(2) 3305(2) 5627(2) 5814(2) 7038(2) 7227(1) 8742(1) 10005(2) 12310(1) 12399(1) 12513(2) 12701(1) 13775(2)
47357;5;8;13;2674(2) 2821(2) 4214(2) 4655(1) 5003(1) 8626(2) 8855(1) 9201(1) 10007(2) 10819(2) 13888(1) 14350(2) 15823(2)
29927;3;10;13;1873(1) 3693(2) 3784(2) 5227(1) 6296(2) 7733(2) 7912(2) 8159(2) 9492(1) 13567(2) 13905(2) 14010(2) 14414(2)
36292;8;5;13;1760(1) 5003(1) 6125(2) 6403(2) 6434(1) 6657(2) 7129(1) 7419(2) 8004(1) 8855(1) 11170(1) 12227(1) 13924(2)
50118;9;4;13;2677(1) 5659(1) 5663(1) 5924(1) 6363(2) 7537(1) 7619(1) 8865(2) 9658(2) 9668(1) 10407(1) 11904(1) 13876(2)
53863;2;11;13;107(2) 1580(2) 2005(2) 3682(2) 3860(2) 5112(1) 5647(2) 6387(2) 6909(2) 8064(1) 11154(2) 11513(2) 14055(2)
41370;4;9;13;5010(2) 5274(2) 8959(2) 8984(2) 9472(1) 9858(2) 12224(1) 12760(2) 14675(2) 14956(1) 15301(2) 15816(1) 15981(2)
22934;8;5;13;293(2) 2195(1) 2616(2) 3449(1) 6421(1) 6445(2) 6646(1) 6656(1) 6683(2) 6998(2) 7273(1) 8532(1) 9923(1)
54381;4;9;13;1213(2) 2784(1) 2840(2) 2978(1) 3259(2) 5423(2) 7053(1) 8296(2) 9988(2) 12048(2) 14229(2) 15583(2) 15618(1)
60891;6;7;13;648(1) 868(2) 902(1) 1518(2) 2336(1) 3446(1) 3594(2) 4076(2) 6985(2) 8831(1) 9558(2) 9753(2) 11435(1)
67813;6;7;13;1561(1) 2926(1) 3510(2) 3790(2) 4350(1) 6977(1) 9328(2) 10314(2) 11317(2) 11803(2) 12336(2) 12350(1) 14616(1)
74109;10;3;13;2975(1) 3795(2) 4575(1) 7665(1) 7727(1) 9065(1) 9268(1) 9633(2) 11871(2) 11908(1) 13925(1) 15107(1) 15462(1)
84883;10;3;13;865(1) 2180(1) 2285(1) 2574(2) 3486(2) 3677(1) 3754(1) 5765(2) 5902(1) 6953(1) 8094(1) 12209(1) 13296(1)
71808;7;6;13;1369(1) 2551(2) 2637(1) 3076(1) 3571(2) 7409(2) 9359(2) 9969(1) 10504(2) 13066(2) 14149(1) 15926(1) 15965(1)
31521;11;2;13;1527(1) 2342(1) 2764(2) 3214(1) 3904(2) 4945(1) 5532(1) 6184(1) 8277(1) 11766(1) 12788(1) 15460(1) 15755(1)
38532;9;4;13;1397(1) 2026(1) 2222(2) 2641(2) 3449(1) 7223(2) 8539(1) 8924(2) 12883(1) 14420(1) 14423(1) 14640(1) 15837(1)
46885;4;9;13;3526(2) 5978(2) 7216(2) 8373(2) 9872(1) 10317(2) 10911(1) 10934(1) 11448(2) 11709(2) 11792(2) 14042(2) 15993(1)
100638;9;4;13;407(2) 412(1) 3072(2) 3189(1) 4252(2) 4492(1) 4995(2) 5637(1) 6812(1) 6927(1) 13501(1) 15146(1) 15150(1)
84426;7;6;13;1183(2) 2325(1) 3205(1) 4765(2) 5405(1) 6441(1) 6889(2) 7284(1) 8116(2) 9256(2) 12071(1) 12494(2) 15247(1)
64737;8;5;13;6408(1) 10707(2) 11217(1) 11735(1) 11737(2) 12823(1) 13117(1) 13409(2) 13609(1) 13771(2) 14319(1) 14766(1) 15428(2)
99917;8;5;13;2401(1) 3868(2) 4296(2) 5401(1) 6559(1) 7873(2) 9545(1) 10204(2) 10797(1) 13008(1) 13085(2) 14335(1) 14616(1)
41383;4;9;13;1812(1) 3621(2) 6593(1) 9444(2) 10419(2) 12117(2) 13132(1) 13363(2) 13592(2) 15136(2) 15439(2) 15521(1) 15892(2)
65235;4;9;13;3683(2) 4292(2) 8319(1) 9746(2) 9760(2) 11139(2) 11744(2) 11894(2) 12848(1) 13714(2) 14987(2) 15034(1) 15616(1)
17036;11;2;13;1858(1) 2296(1) 5490(2) 5684(1) 6570(1) 7956(1) 8564(1) 9085(1) 10375(1) 12951(1) 15372(2) 15400(1) 15555(1)
4155;0;12;12;63(2) 137(2) 138(2) 399(2) 1537(2) 2564(2) 3662(2) 5152(2) 7660(2) 8439(2) 8608(2) 9053(2)
4828;7;5;12;3726(2) 4032(1) 4148(2) 5371(1) 5504(1) 6213(2) 9119(1) 11946(2) 13231(1) 14533(1) 15244(1) 15392(2)
17445;8;4;12;2537(1) 4579(2) 5144(2) 5266(1) 6796(2) 7070(1) 8518(1) 9996(1) 12123(1) 13025(1) 14855(1) 15099(2)
42387;2;10;12;754(2) 4487(2) 6377(2) 8527(2) 10004(1) 11690(2) 13159(2) 13483(1) 13635(2) 14020(2) 14231(2) 14966(2)
16141;2;10;12;2593(2) 2652(2) 2706(2) 5763(2) 8176(2) 8241(2) 8502(2) 10230(2) 10401(2) 15304(1) 15414(2) 15716(1)
14684;3;9;12;5285(2) 6648(2) 8236(2) 10546(2) 11436(2) 12822(2) 12899(1) 14114(2) 14116(2) 14683(1) 14836(2) 15253(1)
17159;3;9;12;5268(2) 5275(2) 7102(2) 8131(2) 8249(1) 9027(1) 9675(2) 10672(2) 11802(2) 11864(1) 12972(2) 14460(2)
27951;4;8;12;1405(2) 2071(2) 2916(2) 4111(1) 8041(2) 9481(2) 10107(2) 13296(1) 13818(2) 14497(2) 14583(1) 15129(1)
49033;3;9;12;1325(2) 4831(2) 4882(2) 6907(2) 7036(2) 8978(2) 10088(2) 10138(2) 10846(1) 12409(1) 12636(2) 14801(1)
38494;4;8;12;605(2) 2711(2) 2755(2) 3307(1) 3474(2) 3976(2) 4318(1) 4554(2) 5488(1) 7283(2) 9650(2) 15719(1)
18113;9;3;12;1031(1) 1146(2) 2883(1) 4537(1) 7665(1) 7924(1) 11722(2) 11726(1) 11772(1) 13543(1) 15208(2) 15636(1)
37710;8;4;12;1135(1) 1843(2) 2365(1) 3054(1) 4643(1) 4833(2) 7553(1) 8650(2) 9969(1) 10495(1) 13894(2) 14814(1)
37211;2;10;12;1536(2) 2419(2) 2971(2) 3252(2) 4334(2) 4425(2) 4849(1) 6692(1) 7225(2) 8264(2) 12370(2) 15485(2)
43177;8;4;12;2252(1) 3604(2) 5663(1) 7362(1) 7537(1) 10450(1) 12290(2) 13420(1) 13502(1) 14190(1) 14563(2) 15713(2)
81742;7;5;12;1199(1) 3400(2) 3430(1) 4294(1) 6292(2) 6839(1) 7307(1) 7318(2) 10824(2) 11183(1) 12372(2) 13590(1)
58625;7;5;12;183(2) 1150(2) 1523(1) 2046(2) 2047(1) 2048(1) 2620(1) 3063(2) 3250(1) 5828(2) 13501(1) 14952(1)
67717;8;4;12;807(1) 2194(2) 2897(2) 8967(1) 9059(2) 9290(1) 10812(2) 10828(1) 12262(1) 13341(1) 13935(1) 14263(1)
82072;7;5;12;992(1) 1502(1) 2868(2) 4257(2) 4841(2) 5206(2) 6103(2) 7426(1) 9865(1) 12288(1) 15160(1) 15716(1)
17343;10;2;12;2317(2) 4460(2) 5261(1) 5271(1) 5278(1) 7662(1) 8899(1) 12962(1) 12982(1) 13134(1) 14568(1) 15115(1)
63687;9;3;12;4697(2) 7655(1) 10801(1) 10933(1) 11505(1) 12783(2) 12883(1) 13716(1) 14146(1) 14969(1) 15864(1) 15895(2)
67344;5;7;12;1203(2) 2385(2) 3829(2) 4537(1) 6880(2) 8114(1) 9917(2) 10934(1) 12472(2) 12968(2) 14985(1) 15642(1)
63767;9;3;12;3027(1) 3226(1) 5310(2) 8302(1) 8656(1) 9130(1) 10982(1) 12883(1) 15111(1) 15656(1) 15668(2) 15942(2)
38235;10;2;12;2009(1) 2299(1) 2524(1) 2709(1) 3622(1) 3636(1) 8249(1) 9466(1) 9948(2) 10217(1) 10889(1) 14592(2)
65658;5;7;12;1034(2) 1155(1) 1282(2) 4318(1) 7560(1) 8381(2) 10197(2) 10590(1) 12870(1) 13573(2) 13578(2) 14107(2)
75375;4;8;12;720(1) 5797(2) 6636(2) 7140(2) 7173(1) 7453(2) 9590(2) 9644(2) 12160(1) 13729(2) 14362(2) 15034(1)
54555;9;3;12;366(1) 3446(2) 6240(1) 6695(1) 7222(2) 7655(1) 8249(1) 10201(1) 12883(1) 13092(1) 15177(1) 15931(2)
8196;4;7;11;1127(2) 4165(1) 4852(2) 10720(1) 11367(2) 13288(2) 13481(1) 13611(2) 14029(1) 14553(2) 15687(2)
8780;1;10;11;2936(2) 4449(2) 6402(2) 8547(2) 10266(2) 10622(2) 10721(2) 13243(2) 14382(2) 14736(1) 15717(2)
8084;9;2;11;4158(1) 11063(2) 11122(2) 11415(1) 11524(1) 11605(1) 12261(1) 13350(1) 14683(1) 14762(1) 15636(1)
11710;5;6;11;337(1) 4960(1) 5391(2) 5480(2) 5920(1) 6875(2) 7388(2) 12170(1) 13365(2) 14409(1) 15141(2)
10567;7;4;11;1796(1) 1991(1) 2858(1) 3124(1) 7665(1) 9115(2) 13390(2) 13847(2) 14394(2) 15257(1) 15636(1)
23243;6;5;11;2541(1) 3218(2) 3395(2) 3401(2) 3746(1) 5442(2) 6101(2) 6349(1) 6353(1) 10580(1) 14955(1)
25989;4;7;11;5925(1) 9621(2) 9708(1) 9711(2) 10496(2) 10888(2) 12811(2) 12928(2) 13886(2) 15671(1) 15702(1)
25593;5;6;11;154(2) 5173(1) 6658(2) 9994(1) 12179(1) 12670(2) 12956(1) 13903(2) 15029(2) 15078(2) 15849(1)
49167;4;7;11;2662(1) 2669(2) 2691(1) 3992(2) 4176(2) 4318(1) 7834(2) 11101(1) 11720(2) 12038(2) 12284(2)
54995;8;3;11;359(1) 1297(1) 2433(1) 3162(1) 3357(2) 6313(2) 6919(1) 10109(1) 10184(1) 12634(2) 15268(1)
17041;1;10;11;818(2) 1918(2) 6515(2) 8474(2) 8802(2) 9066(2) 9110(1) 9924(2) 12313(2) 12984(2) 14905(2)
91569;2;9;11;6231(2) 6612(2) 9667(2) 9854(2) 9985(2) 11384(2) 12427(2) 14208(2) 14424(2) 14616(1) 15719(1)
27396;6;5;11;761(2) 2786(2) 3949(1) 5692(1) 7690(2) 10464(1) 10820(1) 11817(1) 12168(2) 13798(1) 14543(2)
35775;3;8;11;1559(2) 1563(1) 3190(1) 3646(2) 4156(2) 6758(2) 6967(2) 8582(2) 10234(2) 11797(1) 15577(2)
28147;6;5;11;5357(1) 7722(2) 8003(1) 8280(2) 9063(1) 10120(2) 12172(1) 12200(1) 12408(2) 14399(2) 15908(1)
31599;4;7;11;1709(2) 3759(1) 4583(2) 5575(2) 7230(2) 8388(2) 8841(2) 11003(1) 11623(1) 15020(2) 15272(1)
42806;8;3;11;4635(1) 5448(1) 5461(2) 11917(1) 12464(1) 12473(2) 13547(2) 14502(1) 14529(1) 14757(1) 15643(1)
48404;3;8;11;1230(2) 1477(1) 3116(2) 5389(2) 5465(1) 6540(2) 9202(2) 10013(2) 10020(1) 14341(2) 14674(2)
47542;4;7;11;1062(2) 5568(2) 7979(1) 10089(2) 10148(1) 12149(2) 13548(2) 14148(1) 14998(1) 15566(2) 15575(2)
65944;3;8;11;549(2) 568(2) 1705(2) 5085(2) 6890(2) 9397(2) 10695(1) 10707(1) 14358(2) 14833(1) 14995(2)
68359;7;4;11;1070(2) 2069(1) 4250(1) 4505(1) 7568(2) 7864(2) 8722(2) 10636(1) 12133(1) 12626(1) 15130(1)
55887;6;5;11;116(2) 720(2) 2325(1) 2976(1) 3834(1) 7481(1) 7777(1) 8318(2) 8640(2) 12777(1) 15841(2)
56650;4;7;11;994(2) 4013(2) 4438(1) 6057(2) 8063(2) 10960(2) 11553(1) 11593(2) 12332(1) 13132(1) 13316(2)
82487;7;4;11;2041(2) 3033(2) 3073(1) 3189(1) 4492(1) 11354(1) 12070(2) 12394(1) 13793(1) 14169(2) 15289(1)
37784;9;2;11;771(1) 2184(1) 4278(1) 4347(1) 4350(1) 8681(1) 10755(1) 12583(2) 14813(1) 15158(2) 15778(1)
48569;6;5;11;2242(1) 4085(2) 5473(2) 7510(1) 7701(2) 8937(2) 8945(1) 9428(2) 10583(1) 15087(1) 15935(1)
63685;7;4;11;7751(2) 8947(2) 9000(2) 9212(1) 9218(1) 10942(1) 13921(1) 14786(1) 15971(1) 15984(1) 16006(2)
70186;3;8;11;1959(2) 4369(2) 5634(2) 6216(1) 6807(1) 10538(2) 10754(2) 11639(2) 12151(1) 13800(2) 13804(2)
16920;5;6;11;3917(1) 5266(2) 7070(2) 8518(1) 9996(1) 10607(2) 10886(1) 10979(2) 12123(2) 13025(1) 14855(2)
41860;8;3;11;3744(1) 10165(1) 10488(1) 10778(1) 11214(2) 12741(1) 13132(1) 13568(1) 13658(2) 15360(1) 15828(2)
25740;6;5;11;2930(2) 7842(1) 10290(2) 10553(2) 11647(2) 12041(1) 12895(1) 13143(1) 13296(1) 13624(2) 15237(1)
31945;9;2;11;795(1) 2890(1) 3717(2) 6343(1) 7544(1) 7655(1) 11359(1) 11937(2) 12504(1) 13367(1) 14096(1)
39830;6;5;11;1556(1) 1646(2) 2329(1) 2429(1) 3225(2) 3716(1) 4694(2) 7040(1) 7600(2) 10639(1) 12456(2)
71822;8;3;11;1594(2) 5617(2) 6349(1) 6891(2) 8249(1) 8781(1) 9826(1) 10266(1) 11218(1) 13508(1) 15611(1)
81356;6;5;11;428(1) 3550(1) 3876(2) 6335(2) 6448(2) 7590(1) 7605(1) 12757(2) 12785(1) 15091(2) 15725(1)
91668;7;4;11;6452(1) 6599(2) 9165(1) 9472(1) 9764(2) 11414(2) 13431(2) 13971(1) 14372(1) 14554(1) 14738(1)
92276;5;6;11;3038(2) 3335(1) 4129(2) 11018(2) 11019(2) 11324(1) 13142(1) 13657(1) 13701(2) 13860(1) 14933(2)
43494;7;4;11;3493(1) 5936(1) 8055(1) 8143(2) 8786(1) 13143(1) 13528(1) 13565(1) 14012(2) 14642(2) 15701(2)
49638;4;7;11;3278(2) 3792(1) 4772(1) 6782(1) 8169(2) 8987(2) 9594(2) 11575(2) 12564(2) 13739(2) 14628(1)
50047;9;2;11;2351(1) 4692(2) 6020(1) 7660(1) 7738(1) 8065(2) 8832(1) 11309(1) 12595(1) 13266(1) 13920(1)
53166;7;4;11;614(2) 1942(2) 3350(1) 4301(1) 4671(1) 5956(1) 10786(1) 11162(1) 13133(2) 14349(2) 15909(1)
53220;8;3;11;2528(1) 3874(2) 4653(1) 4803(2) 4974(1) 10111(1) 10280(1) 12502(1) 13338(2) 13632(1) 14146(1)
54390;9;2;11;1045(1) 1417(1) 2205(1) 2457(1) 2483(1) 6274(2) 7132(1) 8399(2) 11928(1) 12101(1) 15995(1)
57320;9;2;11;1903(1) 3609(2) 4100(1) 5367(2) 5926(1) 7485(1) 7665(1) 7750(1) 8611(1) 11928(1) 15216(1)
65298;7;4;11;3213(1) 5225(2) 5237(1) 5530(1) 6569(2) 10083(1) 10790(1) 11766(1) 12931(2) 14407(2) 15207(1)
86922;3;8;11;979(2) 1787(2) 2016(2) 2947(2) 3205(2) 3652(2) 5081(1) 6334(2) 6448(1) 9452(1) 11630(2)
112491;7;4;11;1225(1) 1814(1) 2021(2) 2957(1) 5823(2) 7646(1) 9310(2) 9829(1) 11630(1) 13604(2) 14616(1)
102779;4;7;11;1225(1) 1628(1) 3097(2) 5636(1) 8382(2) 10974(2) 11693(2) 11979(2) 12659(2) 14350(1) 15758(2)
63931;8;3;11;4562(1) 7262(2) 7269(1) 8167(1) 10326(1) 10666(2) 13783(1) 13835(1) 14228(2) 15731(1) 16036(1)
63965;9;2;11;5478(1) 5794(2) 6761(1) 7410(1) 8935(1) 11376(1) 11625(2) 12882(1) 14837(1) 15036(1) 15338(1)
64402;8;3;11;2320(1) 2533(2) 4184(1) 5309(1) 7493(1) 9578(2) 12924(2) 13632(1) 13793(1) 14790(1) 15674(1)
64809;8;3;11;3145(2) 4562(1) 7999(2) 8933(1) 10685(1) 12331(1) 13661(1) 13711(1) 14431(1) 15205(1) 15610(2)
64815;8;3;11;1152(1) 8453(2) 9345(1) 11631(1) 11808(1) 13401(2) 13692(1) 14956(1) 15396(2) 15971(1) 15993(1)
65220;9;2;11;4405(2) 6197(1) 8340(1) 8505(1) 10488(1) 11201(2) 13120(1) 13322(1) 15134(1) 15605(1) 15887(1)
66043;7;4;11;1728(1) 2332(1) 6093(1) 9514(2) 9934(1) 10926(2) 13370(1) 13889(1) 13899(2) 14959(2) 15187(1)
70268;7;4;11;3798(2) 3966(2) 4566(2) 6775(2) 8249(1) 9124(1) 10606(1) 10953(1) 11104(1) 11244(1) 14009(1)
71826;9;2;11;609(1) 3362(1) 4965(1) 5468(1) 6770(1) 7838(1) 12338(1) 12525(2) 13456(2) 15612(1) 16027(1)
72084;9;2;11;130(1) 6100(1) 6415(1) 6913(1) 8625(1) 9104(1) 9777(2) 10445(2) 12804(1) 13680(1) 15671(1)
73957;7;4;11;2238(2) 2858(1) 3358(2) 8205(1) 8519(1) 8571(1) 10002(2) 10228(1) 11341(1) 11518(2) 11523(1)
83860;6;5;11;447(2) 1381(1) 1900(1) 2708(1) 2712(1) 3942(2) 5573(2) 6750(1) 9193(2) 12320(1) 13784(2)
86634;8;3;11;382(1) 2935(1) 3371(2) 4318(1) 4350(1) 5218(2) 6106(1) 7542(1) 7543(1) 10577(2) 10639(1)
136694;7;4;11;2659(1) 3523(2) 3672(2) 4114(1) 5524(2) 9485(1) 10257(1) 11299(1) 13285(1) 14211(1) 14944(2)
8947;9;1;10;1298(1) 3914(1) 5097(1) 5766(1) 6254(1) 13487(1) 15733(1) 15921(1) 15945(2) 15956(1)
10404;9;1;10;1572(1) 4450(1) 5147(1) 5464(1) 6289(1) 8380(1) 11138(2) 12882(1) 14636(1) 15999(1)
14463;1;9;10;89(2) 91(1) 92(2) 117(2) 153(2) 160(2) 161(2) 3979(2) 3980(2) 9507(2)
23570;4;6;10;1204(1) 2462(2) 4616(2) 5192(2) 6324(1) 6428(2) 6724(2) 6754(1) 10471(1) 10920(2)
27027;3;7;10;2970(1) 5379(1) 8389(2) 8592(2) 10389(2) 11281(2) 12180(2) 12486(1) 13124(2) 14186(2)
24035;8;2;10;220(1) 2849(1) 3126(2) 3127(2) 3499(1) 4010(1) 7189(1) 7356(1) 8301(1) 14310(1)
43459;3;7;10;3905(2) 5625(2) 5747(2) 6489(2) 7297(1) 9935(2) 10417(1) 12008(2) 13993(1) 14321(2)
27043;0;10;10;1531(2) 2948(2) 3390(2) 8993(2) 9253(2) 10514(2) 11539(2) 13035(2) 13958(2) 14912(2)
26914;4;6;10;1547(2) 2924(2) 9333(1) 10611(1) 10700(2) 11199(2) 11568(2) 12409(1) 12947(1) 13908(2)
29684;7;3;10;1172(1) 3175(2) 3996(1) 7269(1) 7280(1) 10062(2) 11808(1) 12686(1) 13926(1) 15704(2)
35411;7;3;10;1734(1) 2157(1) 3363(2) 3552(1) 4345(1) 7010(2) 12832(1) 13948(1) 14184(1) 16002(2)
61169;4;6;10;1072(2) 1703(1) 2349(1) 4048(2) 5332(2) 5688(1) 5781(2) 9154(2) 11602(1) 11820(2)
47339;4;6;10;1455(2) 7249(2) 9281(1) 10162(2) 10163(2) 10164(1) 10367(1) 11475(2) 12289(2) 13508(1)
50279;2;8;10;1410(2) 2654(2) 2863(2) 6481(2) 7240(1) 8933(2) 10103(2) 12264(1) 12566(2) 14458(2)
46031;6;4;10;2383(2) 2670(1) 7518(1) 7664(1) 8918(2) 9494(1) 10583(1) 12650(2) 13419(2) 15271(1)
29847;2;8;10;1128(2) 3712(2) 4210(1) 5848(2) 5849(2) 5850(2) 9127(1) 12440(2) 14532(2) 15944(2)
31385;6;4;10;1686(1) 2959(1) 5774(2) 9116(2) 9410(2) 10748(1) 12088(1) 13354(2) 14174(1) 15123(1)
81677;5;5;10;666(1) 1939(2) 2010(1) 3459(1) 3628(2) 5148(2) 6866(1) 6870(2) 12394(1) 14050(2)
66590;7;3;10;3065(2) 5268(1) 6842(1) 7198(1) 7416(1) 9967(2) 10929(1) 13943(1) 14267(2) 14276(1)
64674;8;2;10;1748(2) 1971(1) 6075(1) 7602(1) 8745(1) 10368(1) 12522(1) 12763(1) 14270(2) 15795(1)
66638;8;2;10;174(2) 3163(1) 4617(1) 5116(1) 5147(1) 10244(2) 12595(1) 12886(1) 15002(1) 15961(1)
67774;8;2;10;2657(1) 6662(2) 7665(1) 8597(1) 10207(2) 11049(1) 11766(1) 13451(1) 14044(1) 15753(1)
68893;8;2;10;1693(1) 3705(2) 8644(1) 8990(1) 10693(2) 11554(1) 12506(1) 13938(1) 15013(1) 15653(1)
70352;7;3;10;1803(1) 5968(1) 7006(1) 8249(1) 9027(1) 9873(2) 10268(2) 10661(1) 11847(2) 13508(1)
46445;6;4;10;706(1) 1284(2) 1753(1) 7589(2) 8570(1) 10320(2) 11422(1) 12886(1) 13621(2) 15216(1)
41455;5;5;10;6581(2) 7802(2) 10030(2) 11462(1) 11922(1) 12832(1) 14411(2) 15107(1) 15519(2) 15848(1)
67132;5;5;10;2477(2) 3406(2) 10315(1) 10929(2) 10930(1) 10932(2) 12870(1) 13038(2) 13132(1) 13508(1)
76391;7;3;10;3674(1) 4589(2) 5020(1) 5290(2) 7477(1) 8425(2) 8876(1) 13004(1) 13835(1) 15985(1)
74385;7;3;10;394(2) 506(2) 4537(1) 6283(1) 7924(1) 8054(2) 11268(1) 13544(1) 14053(1) 14210(1)
92308;5;5;10;7503(1) 7979(1) 9636(2) 9639(2) 10110(1) 10147(2) 11699(2) 14671(1) 15579(2) 15969(1)
63663;7;3;10;5137(1) 7655(1) 11010(2) 11297(2) 11623(1) 14940(1) 14941(1) 14945(2) 15252(1) 15864(1)
42897;7;3;10;7405(2) 7665(1) 8125(1) 8147(2) 8935(1) 12595(1) 12822(1) 12875(1) 15332(2) 15636(1)
48007;8;2;10;1152(1) 3055(1) 4273(1) 10200(1) 10811(1) 11961(1) 12252(2) 13835(1) 14175(1) 15203(2)
48449;8;2;10;2010(1) 2839(2) 3137(1) 3532(2) 7189(1) 7686(1) 12705(1) 12740(1) 14649(1) 14703(1)
48536;5;5;10;1415(2) 1714(2) 5599(2) 10116(1) 10117(2) 10118(1) 11324(1) 12880(1) 14103(2) 14937(1)
56764;6;4;10;1494(2) 1887(1) 5893(2) 8469(1) 8487(1) 9353(2) 11595(2) 12601(1) 12617(1) 15212(1)
74902;7;3;10;1548(1) 1574(2) 4644(1) 5549(2) 6328(1) 8639(1) 12530(1) 13488(2) 15340(1) 15647(1)
78800;6;4;10;1057(1) 1506(2) 3985(1) 6561(2) 7552(1) 8579(1) 9140(1) 10763(1) 12856(2) 15209(2)
81342;7;3;10;2129(1) 2208(1) 5618(1) 7678(1) 8462(1) 9286(2) 10387(2) 12594(1) 13105(2) 13472(1)
81537;6;4;10;1712(2) 2405(1) 4653(1) 5042(1) 7480(1) 9381(2) 10425(2) 11966(1) 13139(2) 14802(1)
82677;5;5;10;1189(2) 1795(2) 4593(1) 7587(2) 8070(1) 8294(1) 9457(2) 11028(1) 11134(2) 12399(1)
83610;8;2;10;361(1) 2387(1) 4873(2) 5339(2) 5597(1) 6638(1) 8781(1) 9526(1) 10642(1) 14155(1)
91254;6;4;10;354(1) 611(1) 1727(1) 1788(2) 1881(2) 1906(2) 4333(1) 4515(2) 8362(1) 11329(1)
86663;7;3;10;454(2) 2075(1) 2560(1) 4779(2) 4993(1) 7107(2) 7410(1) 7718(1) 9498(1) 12118(1)
14879;8;1;9;4165(1) 8541(1) 10720(1) 11977(1) 12198(2) 12805(1) 12883(1) 14420(1) 14640(1)
15358;8;1;9;2065(1) 6534(1) 10192(1) 11671(1) 11943(1) 12632(2) 13487(1) 13601(1) 14408(1)
15944;5;4;9;3608(2) 8628(1) 9747(1) 9848(1) 10563(2) 11081(1) 11382(1) 12047(2) 14520(2)
18871;2;7;9;739(2) 1187(2) 4933(2) 9593(2) 9673(2) 10288(1) 12726(2) 12800(1) 14886(2)
20304;5;4;9;1292(2) 3315(2) 4266(2) 6297(1) 6415(1) 9979(1) 11761(1) 12399(1) 15298(2)
20739;7;2;9;3015(1) 3163(1) 3993(1) 3995(1) 6364(2) 8570(1) 11422(1) 12595(1) 16052(2)
23342;8;1;9;512(2) 4171(1) 4558(1) 4974(1) 6304(1) 6991(1) 7552(1) 9571(1) 11319(1)
24280;8;1;9;90(1) 196(1) 3396(2) 3493(1) 5639(1) 6024(1) 6322(1) 8058(1) 15268(1)
25202;7;2;9;1233(1) 1764(1) 1887(1) 1890(1) 1892(1) 2504(1) 6378(2) 6396(2) 8487(1)
30466;6;3;9;3843(2) 3963(1) 5925(1) 6025(2) 8711(1) 9067(1) 10460(2) 13444(1) 13898(1)
32748;2;7;9;2378(1) 3109(2) 3619(2) 3891(2) 5835(2) 10223(2) 11701(1) 12830(2) 14953(2)
35441;4;5;9;463(1) 3149(2) 4121(1) 4696(2) 5024(2) 8195(1) 11376(1) 12722(2) 13372(2)
25347;4;5;9;10308(2) 10499(1) 11642(2) 12361(1) 12534(1) 13607(2) 14929(2) 15125(1) 15316(2)
27350;1;8;9;2950(2) 4619(2) 6726(2) 10283(2) 10357(2) 10739(2) 11358(1) 13849(2) 14392(2)
31268;1;8;9;2776(2) 6753(2) 7054(2) 7055(1) 7099(2) 11150(2) 12401(2) 14507(2) 15035(2)
34374;4;5;9;2134(1) 3627(1) 6018(1) 7923(2) 8796(2) 9963(2) 10400(1) 12157(2) 15011(2)
36986;2;7;9;473(1) 827(2) 5902(1) 6921(2) 7305(2) 7831(2) 9687(2) 14336(2) 15866(2)
39268;5;4;9;522(1) 2974(2) 3430(1) 3599(2) 4294(1) 6797(2) 7998(1) 14577(1) 15782(2)
41775;4;5;9;2610(2) 9068(1) 9391(1) 9894(1) 10339(2) 13040(2) 13256(1) 14518(2) 14641(2)
53574;5;4;9;284(2) 466(1) 855(1) 6388(1) 8876(2) 10859(2) 11969(1) 14896(1) 15985(2)
54456;4;5;9;825(1) 914(2) 2258(1) 4205(1) 4466(2) 7468(1) 8801(2) 9569(2) 15781(2)
54641;3;6;9;607(2) 974(2) 1268(2) 2336(2) 3465(1) 10674(1) 11256(2) 11669(2) 13319(1)
43822;3;6;9;6756(2) 9486(2) 9496(2) 10038(1) 10451(2) 10531(1) 12577(2) 12716(2) 13344(1)
44373;1;8;9;3161(2) 4047(2) 5436(2) 6282(2) 9622(2) 12970(2) 14258(2) 15836(1) 15968(2)
48336;4;5;9;659(2) 2087(2) 5282(1) 7350(2) 10998(1) 12027(2) 12430(1) 13206(2) 14391(1)
66820;5;4;9;529(2) 4250(2) 7655(1) 7864(1) 10115(2) 10351(1) 14870(1) 14876(1) 15130(2)
76724;2;7;9;987(2) 2251(1) 3267(2) 7691(2) 8231(2) 8637(2) 10226(2) 12040(1) 14914(2)
43249;7;2;9;7533(1) 8543(1) 8822(1) 9203(1) 9374(1) 10892(1) 14159(2) 14422(2) 15837(1)
47213;7;2;9;850(1) 1525(2) 1840(2) 6922(1) 10938(1) 11350(1) 13565(1) 15268(1) 15859(1)
55437;3;6;9;941(2) 4395(2) 5659(1) 6241(2) 7268(1) 7709(2) 12129(2) 12215(1) 12644(2)
62458;5;4;9;2198(1) 2434(2) 3721(2) 3722(2) 3741(1) 4582(2) 7246(1) 7893(1) 12911(1)
64484;7;2;9;1416(2) 3057(1) 7452(1) 10284(2) 11663(1) 12402(1) 14115(1) 15546(1) 15825(1)
65095;5;4;9;3188(1) 4808(2) 7079(1) 11290(1) 11837(1) 12651(2) 13213(2) 13768(2) 15636(1)
65131;6;3;9;1001(2) 4036(1) 6941(1) 7826(1) 8528(2) 10404(1) 11995(1) 14388(2) 15081(1)
66022;7;2;9;1172(1) 5882(1) 8445(1) 11335(1) 11947(1) 12544(2) 12886(1) 13158(2) 13629(1)
72060;7;2;9;1607(1) 1882(1) 4541(2) 4728(2) 5357(1) 7226(1) 13455(1) 14000(1) 15656(1)
46754;0;9;9;2980(2) 6373(2) 7371(2) 8645(2) 9679(2) 10775(2) 10916(2) 12310(2) 15324(2)
50091;7;2;9;1806(1) 2659(1) 7104(2) 10427(1) 11073(1) 12595(1) 12643(1) 12886(1) 13177(2)
55878;7;2;9;3636(1) 4628(1) 5443(1) 5637(1) 6812(1) 7189(1) 8222(2) 9932(2) 13793(1)
59765;3;6;9;2523(2) 3733(1) 4813(2) 4863(2) 5326(2) 5472(1) 7580(2) 8210(1) 11866(2)
62504;5;4;9;315(1) 3063(1) 3322(2) 3445(2) 4378(1) 6080(2) 6579(1) 6802(1) 7156(2)
25558;7;2;9;4447(1) 11505(1) 12661(2) 12828(2) 12883(1) 13310(1) 13508(1) 14146(1) 14969(1)
68308;7;2;9;2992(1) 6116(1) 10053(2) 10685(1) 11662(1) 12380(2) 13897(1) 14226(1) 15490(1)
69370;7;2;9;105(1) 4169(2) 8074(1) 8361(1) 11298(1) 14884(2) 14906(1) 15486(1) 15777(1)
70551;6;3;9;2809(1) 5833(1) 7112(2) 7950(1) 11177(1) 11212(1) 13916(2) 15300(2) 16012(1)
77048;7;2;9;3226(1) 3637(1) 4691(1) 6166(2) 7081(2) 8349(1) 8774(1) 10592(1) 15379(1)
78089;6;3;9;3513(1) 3516(1) 6704(2) 7373(2) 9484(1) 11399(2) 12581(1) 13699(1) 13754(1)
80098;7;2;9;1888(2) 1891(1) 7290(1) 7650(1) 8979(1) 10477(1) 10484(1) 14970(2) 15747(1)
80416;5;4;9;1237(1) 3023(2) 3911(1) 6138(1) 7024(2) 7597(2) 8320(2) 11594(1) 13571(1)
81131;4;5;9;756(2) 926(1) 2148(2) 2814(2) 5872(1) 7889(1) 8334(2) 12359(2) 13471(1)
84558;6;3;9;1023(1) 2548(2) 3819(2) 6869(1) 8910(2) 10681(1) 10876(1) 11345(1) 13475(1)
85389;3;6;9;37(2) 591(2) 1160(1) 2826(2) 5772(2) 7300(1) 12884(2) 14842(2) 14851(1)
89035;4;5;9;1513(2) 2391(1) 2651(1) 6424(1) 7352(2) 8963(2) 12300(2) 12582(2) 14750(1)
96878;6;3;9;4279(2) 4350(1) 5755(1) 6202(2) 6815(2) 9726(1) 11798(1) 12258(1) 15164(1)
41313;4;5;9;8531(1) 9322(2) 9717(1) 12099(2) 12420(1) 15132(2) 15133(2) 15339(2) 15962(1)
41622;7;2;9;8340(1) 9334(1) 12231(1) 12540(2) 13132(1) 13413(1) 13427(1) 13993(1) 15096(2)
60952;7;2;9;666(1) 2009(1) 3622(1) 3636(1) 5148(1) 5515(2) 6866(2) 8579(1) 12394(1)
81258;6;3;9;94(1) 1409(2) 4428(1) 5358(1) 7696(1) 11320(2) 11530(2) 13605(1) 14536(1)
99774;6;3;9;4350(1) 5327(1) 5589(1) 10307(2) 11029(1) 11694(2) 12863(1) 13726(2) 14198(1)
92125;7;2;9;6649(1) 8622(1) 10685(1) 11643(1) 13284(1) 13690(2) 13806(1) 14943(1) 15037(2)
92497;7;2;9;8742(1) 9215(2) 10135(2) 10335(1) 11312(1) 11484(1) 12497(1) 15075(1) 16050(1)
93128;6;3;9;3032(1) 5431(2) 8265(2) 10167(2) 12741(1) 13353(1) 13526(1) 15461(1) 15707(1)
93131;7;2;9;5451(1) 5765(1) 6522(1) 9743(2) 10642(1) 11254(1) 11637(1) 15357(1) 15675(2)
93965;5;4;9;910(1) 2343(2) 2978(1) 4251(2) 11386(1) 11950(1) 12736(2) 13400(1) 13891(2)
94077;6;3;9;7000(1) 7655(1) 8448(1) 9247(2) 10483(1) 11078(1) 11783(1) 12498(2) 13535(2)
94185;7;2;9;6906(2) 7215(1) 7881(1) 8575(1) 9063(1) 12090(1) 12097(1) 14580(2) 15656(1)
94871;5;4;9;369(1) 370(2) 887(1) 9664(1) 10014(1) 11235(2) 14307(2) 14627(1) 14857(2)
95028;7;2;9;4140(2) 6320(1) 8532(1) 9874(1) 10346(1) 10431(2) 10820(1) 13951(1) 14978(1)
95032;7;2;9;7361(2) 7489(1) 7931(1) 8112(1) 10695(1) 10888(1) 10973(2) 11307(1) 13401(1)
95096;7;2;9;920(1) 2311(2) 6374(2) 8210(1) 8983(1) 13330(1) 14359(1) 14896(1) 15216(1)
96359;7;2;9;5216(2) 6621(1) 7335(2) 8358(1) 9206(1) 10161(1) 11035(1) 13373(1) 16007(1)
97028;7;2;9;3241(1) 7792(1) 8262(1) 10361(1) 10706(2) 12789(1) 13041(2) 14108(1) 16027(1)
97469;6;3;9;2716(1) 4409(1) 5344(2) 6816(2) 10285(1) 11332(1) 13508(1) 14286(2) 15297(1)
98877;7;2;9;1385(1) 2637(1) 3549(2) 11547(2) 13412(1) 13508(1) 13706(1) 14133(1) 14838(1)
99077;6;3;9;1540(1) 2389(1) 3324(2) 7815(1) 8167(1) 10035(2) 11014(1) 11584(1) 16049(2)
99240;7;2;9;772(1) 1555(1) 2531(1) 4029(1) 8179(2) 12509(1) 12690(1) 14139(2) 14781(1)
99451;3;6;9;3270(1) 3940(2) 4299(2) 7590(2) 10480(2) 10533(2) 14121(2) 15091(1) 15806(1)
100613;6;3;9;390(1) 934(2) 4212(2) 6043(2) 10178(1) 11229(1) 13194(1) 14622(1) 15756(1)
100645;6;3;9;1307(1) 2691(1) 3516(1) 5563(2) 11087(2) 11120(1) 11158(1) 13132(1) 13219(2)
100996;7;2;9;2606(2) 4643(1) 5622(2) 7081(1) 8007(1) 11231(1) 11967(1) 13632(1) 14276(1)
101037;5;4;9;714(2) 1359(1) 1423(1) 2964(1) 8036(2) 9185(2) 10145(2) 12446(1) 13508(1)
101453;7;2;9;1327(1) 2728(1) 2932(1) 3066(2) 9740(1) 12412(2) 14413(1) 14542(1) 14692(1)
101851;6;3;9;392(2) 1390(2) 1784(1) 6520(1) 7253(1) 7488(1) 9303(1) 13974(2) 14413(1)
102260;7;2;9;4589(1) 5295(2) 5335(1) 6400(1) 9590(1) 11127(1) 11549(2) 12995(1) 14896(1)
103379;4;5;9;1769(2) 2740(2) 4835(1) 8101(1) 9537(1) 9639(1) 10353(2) 10365(2) 11723(2)
105803;7;2;9;1095(1) 1548(1) 3641(1) 4689(1) 6067(1) 6464(2) 10280(1) 11386(2) 14096(1)
107310;4;5;9;214(2) 1623(1) 2301(2) 3938(2) 5324(2) 7225(1) 8070(1) 11855(2) 15525(1)
108882;7;2;9;1076(1) 3034(1) 4589(1) 6449(1) 6493(1) 7769(2) 8243(1) 13433(2) 15034(1)
109654;7;2;9;3681(1) 4606(1) 5028(2) 5255(2) 6063(1) 6759(1) 8550(1) 11171(1) 13013(1)
112329;6;3;9;443(1) 2208(1) 5351(1) 7728(2) 8065(1) 8459(1) 10113(2) 12798(2) 12877(1)
112629;7;2;9;778(1) 2257(2) 2917(1) 4318(1) 6762(2) 8007(1) 9524(1) 13140(1) 14314(1)
112845;7;2;9;2321(1) 3032(1) 3656(1) 4706(1) 5841(1) 6568(2) 9528(1) 10792(1) 12536(2)
64339;7;2;9;848(2) 1482(1) 5316(2) 10933(1) 11491(1) 12262(1) 13359(1) 15216(1) 15721(1)
70733;2;7;9;3105(2) 4925(1) 6778(2) 9335(2) 10036(2) 10797(2) 11634(1) 13078(2) 15526(2)
71871;6;3;9;2180(1) 3807(2) 4429(2) 7539(1) 7541(1) 9484(1) 11566(1) 12041(1) 15434(2)
76603;7;2;9;5126(1) 5364(1) 7656(1) 7824(2) 9117(1) 9499(1) 9980(1) 11294(2) 12304(1)
79138;7;2;9;621(2) 3136(1) 6039(1) 6098(1) 6117(1) 6508(1) 12678(1) 12791(2) 14613(1)
85302;7;2;9;1357(1) 4643(1) 4983(1) 6962(1) 7630(2) 7697(1) 8772(1) 10589(1) 12676(2)
85600;7;2;9;1359(1) 3200(1) 3367(1) 7487(2) 8026(1) 8616(1) 12864(1) 12954(2) 15656(1)
85652;4;5;9;650(2) 1212(1) 3440(1) 4093(2) 6457(1) 9018(2) 9429(2) 10019(2) 10335(1)
94815;4;5;9;1771(2) 4196(2) 4437(1) 8168(2) 11645(2) 14435(1) 14576(1) 14909(2) 14997(1)
100937;5;4;9;619(2) 2088(2) 3505(2) 6654(1) 6897(1) 8288(1) 11099(1) 15231(2) 15456(1)
128739;5;4;9;558(2) 2225(2) 9270(2) 11553(1) 12109(1) 13230(1) 13865(2) 14023(1) 15817(1)
26120;7;1;8;7336(1) 7351(1) 9159(2) 11605(1) 12759(1) 13350(1) 13489(1) 14762(1)
26543;7;1;8;4349(2) 4736(1) 8100(1) 10491(1) 13307(1) 14749(1) 15063(1) 15889(1)
26749;7;1;8;1722(1) 2270(2) 11115(1) 11116(1) 14084(1) 14711(1) 14764(1) 15636(1)
27174;7;1;8;5182(1) 7094(1) 8151(1) 9120(1) 11733(1) 12212(1) 14491(1) 15126(2)
28405;4;4;8;736(1) 4848(2) 5913(2) 8880(1) 12098(2) 15123(1) 15186(2) 15188(1)
28625;7;1;8;7779(1) 7821(1) 7826(1) 9071(1) 9980(1) 11056(1) 11831(1) 11856(2)
28879;7;1;8;334(1) 6844(1) 7046(1) 8711(1) 10000(1) 14052(2) 14486(1) 14820(1)
29036;7;1;8;1749(1) 4154(2) 7614(1) 8220(1) 8644(1) 14910(1) 15102(1) 15422(1)
29267;3;5;8;3963(2) 4978(2) 5925(1) 8711(1) 9067(1) 13444(2) 13898(2) 15079(2)
29696;1;7;8;990(2) 1935(2) 8379(1) 9822(2) 9845(2) 13453(2) 13783(2) 15596(2)
33721;7;1;8;90(1) 2433(1) 5930(2) 6322(1) 6919(1) 10109(1) 15268(1) 15765(1)
34653;7;1;8;22(1) 2089(1) 5548(1) 7518(1) 9166(1) 9494(2) 11159(1) 15271(1)
35484;7;1;8;684(1) 4480(2) 6409(1) 7049(1) 8535(1) 9206(1) 10701(1) 10891(1)
35952;7;1;8;2210(1) 3057(1) 4617(1) 6142(2) 6164(1) 10414(1) 11073(1) 12886(1)
36207;2;6;8;546(2) 5171(2) 6073(2) 6530(2) 7052(1) 7061(2) 8908(2) 14463(1)
36358;7;1;8;676(1) 1605(1) 1628(1) 2554(1) 7664(2) 11704(1) 14679(1) 14826(1)
37121;5;3;8;425(2) 1683(1) 4111(1) 5812(1) 6965(2) 8999(1) 10351(2) 14497(1)
37212;7;1;8;1018(2) 3380(1) 3470(1) 5304(1) 7474(1) 8475(1) 11679(1) 11681(1)
39203;3;5;8;413(2) 803(1) 3781(1) 4051(2) 6668(2) 7033(2) 7644(1) 14132(2)
40344;7;1;8;2285(2) 3553(1) 3748(1) 3749(1) 3754(1) 5902(1) 6953(1) 7278(1)
41341;4;4;8;7377(2) 10056(1) 12165(1) 12180(1) 12816(1) 13521(2) 14513(2) 15486(2)
54225;5;3;8;1370(1) 2546(2) 3335(2) 4572(2) 5530(1) 12458(1) 13549(1) 14185(1)
41975;6;2;8;5511(1) 6370(1) 13286(1) 14065(1) 14213(1) 14215(2) 14216(1) 14246(2)
42346;5;3;8;7362(2) 9690(1) 9691(1) 10450(2) 13502(1) 14190(1) 14522(1) 14718(2)
44179;2;6;8;3268(2) 7226(1) 10406(2) 11418(1) 12348(2) 13043(2) 13539(2) 14503(2)
48905;4;4;8;1847(2) 3774(1) 3901(2) 5277(1) 8778(1) 12802(2) 14180(2) 15462(1)
49550;4;4;8;973(1) 1882(2) 2381(2) 4318(1) 7911(2) 14699(2) 15111(1) 15656(1)
54825;2;6;8;633(2) 834(2) 4438(2) 4760(2) 7944(2) 9576(2) 11553(1) 13010(1)
56644;3;5;8;643(1) 2750(2) 3299(2) 4026(1) 5587(1) 9495(2) 12920(2) 13027(2)
56987;2;6;8;2251(2) 4282(2) 4670(2) 5883(1) 6089(2) 6526(1) 10587(2) 13556(2)
58027;6;2;8;789(2) 1064(1) 4049(2) 5003(1) 7129(1) 8855(1) 9019(1) 10516(1)
73288;5;3;8;925(2) 4824(2) 5830(2) 5901(1) 7797(1) 8782(1) 9209(1) 15806(1)
64030;5;3;8;4559(2) 6786(1) 6915(1) 10602(1) 13250(2) 13704(1) 14862(2) 15125(1)
64165;4;4;8;3658(2) 6466(1) 7213(2) 10032(1) 12166(2) 14604(1) 14608(2) 14614(1)
69036;4;4;8;1436(1) 2282(2) 6537(1) 9937(1) 12338(1) 13782(2) 14495(2) 14622(2)
73177;6;2;8;4356(1) 5745(2) 5746(1) 5747(1) 8374(1) 13377(1) 13378(2) 15864(1)
82198;2;6;8;1383(2) 6201(2) 6358(2) 6493(2) 6756(1) 8109(2) 13065(2) 13098(1)
104864;2;6;8;1648(2) 2315(2) 3770(2) 4491(2) 7708(1) 8233(1) 10262(2) 11759(2)
47668;2;6;8;1403(2) 3735(2) 7645(1) 9015(2) 11868(2) 13788(2) 14244(1) 14492(2)
55073;0;8;8;1090(2) 3237(2) 4083(2) 5177(2) 7277(2) 7844(2) 11950(2) 14869(2)
69011;2;6;8;2586(2) 4906(2) 6538(2) 8457(2) 8779(1) 10014(2) 11634(2) 15626(1)
82571;4;4;8;617(1) 1101(2) 5146(1) 5183(2) 6454(1) 6642(2) 7785(2) 14986(1)
65201;6;2;8;3828(1) 5278(1) 6523(2) 8632(2) 10906(1) 12950(1) 14689(1) 15462(1)
66928;6;2;8;2554(1) 3041(1) 7622(1) 9503(1) 10219(2) 13404(2) 14184(1) 15922(1)
67586;2;6;8;5901(1) 7797(2) 8066(1) 9209(2) 10501(2) 15061(2) 15806(2) 16030(2)
98851;5;3;8;5999(1) 6631(1) 6911(2) 7810(2) 8822(1) 11411(2) 13664(1) 15395(1)
99619;5;3;8;798(1) 1812(1) 7907(2) 9999(2) 10639(1) 11099(2) 12998(1) 14390(1)
91451;5;3;8;8126(2) 8340(1) 10851(1) 11402(1) 13437(2) 14057(2) 14282(1) 15525(1)
97030;6;2;8;2981(2) 4116(1) 4427(2) 4991(1) 8497(1) 11925(1) 14455(1) 16048(1)
97700;6;2;8;4973(2) 4974(1) 4976(1) 6484(1) 7863(1) 10889(1) 13586(1) 14083(2)
97762;6;2;8;301(1) 8007(1) 8656(1) 8782(1) 9763(2) 11168(1) 11569(2) 11583(1)
99960;6;2;8;2925(1) 4315(1) 4654(1) 5327(1) 7167(2) 8681(1) 12813(2) 15870(1)
103560;6;2;8;866(1) 2911(1) 4318(1) 6609(2) 9446(1) 11617(1) 15194(1) 15388(2)
109509;6;2;8;2098(1) 2690(2) 3331(1) 5591(1) 8089(2) 10604(1) 12903(1) 15723(1)
64063;6;2;8;8768(2) 8999(1) 9408(2) 11711(1) 13296(1) 15134(1) 15488(1) 15708(1)
88133;6;2;8;928(1) 1927(1) 2760(1) 3055(1) 4305(1) 8748(2) 13127(1) 13536(2)
91380;4;4;8;4539(2) 10032(1) 11643(1) 14000(1) 14393(2) 14779(1) 15589(2) 15591(2)
113161;5;3;8;2344(2) 3220(2) 4705(1) 6110(1) 8359(1) 9600(2) 12772(1) 13413(1)
92567;5;3;8;2912(1) 12018(2) 12572(2) 12987(1) 13812(2) 14638(1) 15046(1) 15047(1)
91619;6;2;8;521(2) 10020(1) 10027(1) 10977(2) 14018(1) 14814(1) 14832(1) 15724(1)
92467;6;2;8;1941(2) 4439(1) 5925(1) 12739(1) 12914(1) 13977(1) 15224(1) 15303(2)
96188;6;2;8;3408(1) 4964(1) 6984(2) 7192(1) 10028(1) 14366(2) 14687(1) 14779(1)
96295;6;2;8;264(1) 1829(2) 10777(2) 10988(1) 11798(1) 13285(1) 15675(1) 15909(1)
100816;6;2;8;2126(1) 3709(1) 4360(1) 4993(1) 10146(2) 12639(2) 13549(1) 14626(1)
101450;6;2;8;2403(2) 4308(2) 4654(1) 6989(1) 7780(1) 9892(1) 10423(1) 13301(1)
102952;6;2;8;3091(1) 4777(1) 5426(2) 8557(1) 10813(1) 11832(1) 15964(1) 16001(2)
103198;4;4;8;3041(1) 3191(2) 7965(2) 7973(1) 8945(1) 9054(1) 9981(2) 15832(2)
103544;4;4;8;4306(2) 6571(2) 7648(1) 8247(1) 8726(2) 9299(2) 13713(1) 15333(1)
104014;6;2;8;1376(1) 2176(1) 3344(2) 7042(2) 7564(1) 9206(1) 10692(1) 14149(1)
104194;6;2;8;511(1) 3760(1) 5021(2) 6767(1) 7449(2) 11190(1) 13914(1) 15155(1)
104384;6;2;8;1283(1) 2942(1) 5088(2) 8039(2) 8520(1) 10054(1) 10265(1) 11599(1)
106109;6;2;8;796(1) 5039(1) 5815(1) 6851(2) 7980(2) 13032(1) 15565(1) 15885(1)
107876;6;2;8;2059(2) 3118(2) 3985(1) 5633(1) 8493(1) 9267(1) 10639(1) 14389(1)
108901;6;2;8;2962(1) 4058(1) 7056(1) 7206(2) 8327(1) 9751(2) 15578(1) 15991(1)
110336;5;3;8;330(1) 797(2) 4262(1) 9660(2) 9958(2) 11407(1) 12937(1) 13895(1)
111674;5;3;8;2879(2) 3232(2) 8847(1) 9243(1) 10366(1) 11605(1) 13075(2) 15590(1)
111962;6;2;8;73(2) 3965(2) 5008(1) 5782(1) 6202(1) 7316(1) 13418(1) 15865(1)
112977;6;2;8;441(1) 3261(1) 5646(2) 7119(1) 7684(1) 8781(1) 12486(1) 14312(2)
113551;4;4;8;2895(2) 3999(2) 4376(2) 5458(1) 6762(1) 7943(2) 12079(1) 12581(1)
114810;6;2;8;978(1) 1122(1) 1616(2) 4874(1) 8423(1) 9937(1) 15384(1) 15587(2)
118418;6;2;8;764(1) 897(1) 1622(1) 1623(1) 2829(2) 8902(1) 14663(2) 15879(1)
119461;6;2;8;3641(1) 3666(1) 4461(2) 5468(1) 8443(1) 10010(2) 11219(1) 12039(1)
119485;6;2;8;810(1) 5233(2) 5669(1) 5688(1) 7592(1) 8213(1) 8583(1) 14868(2)
120022;6;2;8;310(1) 452(2) 4176(1) 6147(2) 6176(1) 7381(1) 13348(1) 13356(1)
121104;6;2;8;793(2) 1304(1) 3548(1) 6470(1) 7717(2) 9592(1) 11385(1) 12681(1)
122900;5;3;8;192(2) 863(1) 996(1) 1009(2) 2074(2) 3200(1) 6929(1) 13026(1)
141045;5;3;8;910(1) 1413(2) 5648(1) 7197(2) 7370(2) 8497(1) 13860(1) 14896(1)
93452;6;2;8;9522(1) 10175(1) 10629(2) 11421(1) 11514(1) 11992(1) 12125(1) 12234(2)
121680;6;2;8;410(1) 992(1) 4417(2) 4478(1) 5784(1) 8294(1) 9340(1) 14803(2)
93793;5;3;8;6185(2) 6847(1) 6904(2) 8160(2) 8443(1) 9785(1) 14757(1) 15457(1)
41348;1;6;7;11124(2) 11562(2) 12259(1) 12333(2) 13765(2) 14248(2) 15105(2)
41909;2;5;7;7503(1) 7504(2) 9867(2) 11112(1) 14861(2) 15608(2) 15972(2)
42098;2;5;7;6475(2) 8936(1) 11608(2) 12637(1) 12704(2) 12851(2) 15799(2)
42242;6;1;7;1112(1) 10105(1) 11665(1) 13519(1) 13524(1) 14656(2) 15474(1)
42359;6;1;7;3005(1) 8043(1) 12741(1) 13322(2) 13427(1) 13631(1) 15159(1)
42497;6;1;7;2959(1) 9828(1) 11515(2) 12101(1) 13018(1) 14147(1) 15052(1)
42864;6;1;7;6257(1) 7842(1) 10237(2) 11877(1) 13383(1) 13509(1) 13673(1)
43029;6;1;7;2483(1) 8906(2) 10633(1) 11376(1) 13018(1) 14526(1) 15123(1)
43320;4;3;7;6701(1) 8138(2) 11093(2) 11174(1) 12250(1) 12258(1) 13356(2)
43705;6;1;7;3641(1) 6934(1) 10111(1) 10179(1) 13421(1) 13508(1) 15927(2)
44080;5;2;7;6928(2) 7623(1) 8576(2) 11327(1) 11800(1) 11908(1) 14353(1)
44299;5;2;7;956(1) 8429(1) 10572(2) 10942(2) 13335(1) 13349(1) 14309(1)
44422;4;3;7;2456(1) 8331(2) 9237(2) 10643(1) 12515(1) 13062(2) 15247(1)
44509;6;1;7;2070(1) 7665(1) 10705(2) 11049(1) 11908(1) 12967(1) 14863(1)
44769;3;4;7;4036(2) 6243(2) 9566(2) 10069(1) 10404(1) 14125(1) 16028(2)
44815;6;1;7;2736(1) 3641(1) 9887(2) 13132(1) 13413(1) 13568(1) 13993(1)
44820;3;4;7;548(1) 7836(1) 8510(2) 10404(1) 11995(2) 15081(2) 15986(2)
44986;6;1;7;5924(1) 8475(1) 9668(1) 10407(1) 10746(1) 11681(1) 13023(2)
46595;5;2;7;2304(1) 6251(2) 7098(1) 9510(1) 13389(1) 13512(2) 14261(1)
47368;6;1;7;1221(1) 2486(1) 4346(1) 12531(1) 14488(1) 14834(2) 15007(1)
47628;0;7;7;3203(2) 4836(2) 5819(2) 9556(2) 12667(2) 13138(2) 15164(2)
47661;6;1;7;4611(1) 5993(1) 7251(1) 10524(1) 10962(1) 11770(1) 13221(2)
48384;5;2;7;3052(1) 5243(1) 6584(1) 9601(1) 9844(1) 13034(2) 15703(2)
49044;6;1;7;1746(1) 2975(1) 3740(1) 8135(1) 14643(1) 14994(2) 15636(1)
49070;6;1;7;4586(2) 5357(1) 6302(1) 7861(1) 11643(1) 12067(1) 14000(1)
49217;3;4;7;1515(2) 2250(1) 6052(2) 8604(2) 12882(1) 14292(1) 15987(2)
49245;4;3;7;1253(1) 4795(2) 7508(1) 9423(2) 10254(2) 13988(1) 14314(1)
49481;6;1;7;531(2) 7205(1) 7241(1) 8191(1) 10403(1) 12399(1) 15205(1)
49728;6;1;7;4318(1) 5137(1) 6349(1) 7067(1) 11321(2) 12679(1) 13870(1)
50496;0;7;7;2048(2) 2620(2) 3250(2) 10412(2) 12568(2) 13501(2) 14952(2)
50869;6;1;7;804(1) 2204(1) 7790(2) 8498(1) 11928(1) 13128(1) 14303(1)
51176;6;1;7;3493(1) 5381(1) 5719(1) 6322(1) 10938(1) 11005(1) 15269(2)
51332;5;2;7;1857(1) 4163(1) 4778(1) 8297(2) 8695(1) 14266(1) 15801(2)
51408;6;1;7;2694(2) 2794(1) 6708(1) 9672(1) 10766(1) 11140(1) 13964(1)
51921;6;1;7;3378(1) 6044(1) 6330(1) 8249(1) 9540(2) 9826(1) 13508(1)
52182;6;1;7;2982(1) 5677(1) 5889(1) 6184(1) 10918(2) 11889(1) 12887(1)
52572;5;2;7;121(1) 2976(1) 7481(2) 7777(1) 10517(1) 12777(2) 14120(1)
52909;4;3;7;3711(1) 4070(2) 5742(2) 6773(1) 6939(2) 13181(1) 14792(1)
52943;6;1;7;1634(1) 6244(1) 6510(1) 6818(1) 8480(1) 11808(1) 13650(2)
53352;6;1;7;2091(1) 3493(1) 4409(1) 4750(1) 12041(1) 12466(2) 15241(1)
53387;5;2;7;3778(1) 4627(2) 5932(1) 5976(1) 10363(1) 10868(1) 12891(2)
53795;2;5;7;3255(2) 5810(2) 5813(1) 6250(2) 8115(2) 8843(1) 15626(2)
53821;1;6;7;712(2) 2077(2) 2869(2) 6512(1) 10958(2) 14949(2) 15597(2)
54650;6;1;7;380(1) 478(1) 5048(2) 9426(1) 9712(1) 11758(1) 15435(1)
54782;6;1;7;3921(1) 6022(1) 6190(1) 7772(1) 8707(2) 9024(1) 10373(1)
55646;6;1;7;644(1) 805(1) 7803(1) 8359(1) 9375(2) 10594(1) 12772(1)
55666;6;1;7;3241(1) 5453(2) 5769(1) 7150(1) 7338(1) 10276(1) 11082(1)
55826;3;4;7;3356(2) 4300(1) 5392(2) 6712(1) 6713(2) 8800(2) 14751(1)
56765;2;5;7;180(1) 6711(2) 6804(2) 7892(2) 8488(2) 8981(2) 9144(1)
57146;6;1;7;2169(1) 2202(1) 2206(2) 6350(1) 10459(1) 11928(1) 12094(1)
57921;4;3;7;2919(2) 2920(2) 4005(2) 5389(1) 5974(1) 9969(1) 14674(1)
59499;6;1;7;1763(2) 2552(1) 4513(1) 4537(1) 6578(1) 7924(1) 14210(1)
59674;5;2;7;434(2) 665(2) 1314(1) 4855(1) 6283(1) 12521(1) 15493(1)
60519;6;1;7;1188(1) 2221(2) 3001(1) 6423(1) 6432(1) 6433(1) 13380(1)
60619;6;1;7;1344(2) 1439(1) 1967(1) 2554(1) 7622(1) 9213(1) 14679(1)
60704;6;1;7;212(1) 3349(1) 3847(1) 4806(2) 5822(1) 9955(1) 10589(1)
61058;3;4;7;1328(2) 1682(2) 2136(1) 2363(2) 5401(1) 9309(2) 15212(1)
61220;3;4;7;265(2) 2163(2) 2640(1) 4507(1) 5988(2) 9934(1) 11349(2)
61366;5;2;7;335(1) 1322(1) 1468(1) 3153(1) 6849(2) 9033(2) 14096(1)
62922;6;1;7;1179(1) 1622(1) 2926(1) 4548(1) 4552(2) 5416(1) 6977(1)
63088;6;1;7;210(2) 1989(1) 2157(1) 2998(1) 4107(1) 5562(1) 8459(1)
63166;6;1;7;97(1) 111(1) 230(2) 883(1) 4736(1) 8279(1) 10060(1)
63791;4;3;7;7791(2) 9817(1) 10628(2) 12623(2) 13413(1) 15217(1) 15241(1)
69832;4;3;7;3000(2) 3690(1) 9877(2) 11931(2) 13319(1) 13514(1) 14672(1)
72443;5;2;7;4171(1) 4492(1) 7497(2) 8708(1) 10227(1) 12394(1) 14389(2)
83480;3;4;7;686(2) 1334(2) 2950(1) 4534(1) 5887(1) 10986(2) 14593(2)
65434;5;2;7;8051(2) 9570(1) 10049(1) 10922(2) 11727(1) 12801(1) 14934(1)
70529;2;5;7;1972(2) 3011(2) 6420(2) 10074(2) 11726(1) 11830(1) 13992(2)
91470;5;2;7;1715(2) 2157(1) 9273(1) 13860(1) 14509(2) 15229(1) 15442(1)
91499;5;2;7;1054(2) 8112(2) 13971(1) 14073(1) 14411(1) 15449(1) 15861(1)
93044;4;3;7;1273(2) 3283(2) 12554(1) 13240(1) 13459(2) 15626(1) 15909(1)
105344;3;4;7;1038(2) 2917(1) 6167(2) 6335(1) 9502(1) 10762(2) 12635(2)
112853;4;3;7;69(1) 1665(2) 4701(1) 6420(1) 7621(2) 9463(2) 11014(1)
63562;2;5;7;11695(2) 12907(2) 14082(1) 14318(1) 14319(2) 14322(2) 14369(2)
81738;5;2;7;1400(1) 1582(1) 6856(2) 9446(1) 9990(1) 13508(1) 14333(2)
92879;4;3;7;5634(1) 6046(2) 8822(1) 10538(1) 13664(2) 14159(1) 15089(2)
93599;5;2;7;5670(2) 7316(1) 10111(1) 11319(1) 12825(1) 14619(1) 15556(2)
95142;5;2;7;7288(2) 8104(1) 9642(1) 9740(2) 12399(1) 13971(1) 13985(1)
96056;5;2;7;7017(2) 7655(1) 7831(1) 12628(2) 14933(1) 14961(1) 15681(1)
96090;5;2;7;1814(1) 6293(2) 8520(1) 9501(1) 12857(1) 13657(2) 15494(1)
97508;5;2;7;542(1) 3577(2) 5750(1) 5755(1) 11412(1) 12808(2) 14540(1)
98949;4;3;7;5797(1) 9340(2) 9590(1) 9829(2) 11630(1) 11646(2) 15734(1)
100412;4;3;7;5351(1) 7492(2) 8897(1) 10055(2) 13682(2) 15057(1) 15140(1)
102346;3;4;7;1472(2) 7201(2) 8676(1) 10935(2) 12976(1) 13538(2) 13945(1)
106138;5;2;7;3835(1) 7226(1) 8321(1) 8912(2) 9976(2) 12958(1) 13935(1)
107930;5;2;7;1164(2) 3005(1) 9887(1) 10333(1) 11627(2) 12198(1) 15118(1)
115613;4;3;7;1736(1) 1943(1) 6978(2) 8292(2) 8371(2) 11131(1) 15192(1)
100609;5;2;7;2513(1) 3013(1) 3707(2) 13393(1) 13631(1) 14070(2) 15662(1)
112626;5;2;7;2166(1) 2557(2) 3509(2) 3565(1) 12085(1) 13285(1) 14435(1)
123152;5;2;7;5424(2) 11623(1) 13508(1) 13846(2) 14645(1) 15184(1) 15293(1)
123216;5;2;7;8951(2) 12095(1) 12179(1) 13425(1) 13678(1) 13783(1) 15393(2)
123438;5;2;7;945(2) 9523(2) 11120(1) 12231(1) 13259(1) 15118(1) 15134(1)
123891;5;2;7;6333(2) 9320(2) 11620(1) 12532(1) 14300(1) 15592(1) 15911(1)
124234;5;2;7;5451(1) 11745(1) 13204(1) 14334(1) 14454(1) 15377(2) 15830(2)
124256;5;2;7;1039(2) 7323(1) 11163(1) 11288(1) 11793(1) 11845(2) 15272(1)
124575;4;3;7;2680(2) 10360(1) 11174(1) 11355(1) 12109(2) 14031(2) 14616(1)
125193;5;2;7;459(2) 7331(1) 7808(1) 9702(2) 11987(1) 14692(1) 15481(1)
125459;5;2;7;7740(1) 8068(2) 8082(1) 8090(1) 11993(1) 14845(2) 15959(1)
125493;5;2;7;753(1) 5070(1) 9358(1) 9929(1) 15551(1) 15737(2) 16010(2)
125822;5;2;7;5479(2) 9427(2) 9636(1) 9858(1) 9864(1) 11232(1) 15578(1)
125840;5;2;7;5134(2) 7812(2) 10933(1) 12889(1) 13132(1) 13690(1) 13967(1)
126282;5;2;7;7787(1) 7949(1) 7975(2) 9990(1) 11746(1) 12444(2) 15309(1)
126289;5;2;7;1007(2) 3973(2) 6409(1) 12100(1) 12408(1) 15656(1) 15934(1)
126407;5;2;7;3165(2) 5400(1) 6356(1) 11196(1) 15013(1) 15127(2) 15433(1)
126795;5;2;7;3940(1) 6920(1) 10365(1) 10609(2) 11559(1) 13457(1) 13474(2)
127472;5;2;7;2225(1) 5623(1) 8761(2) 10867(1) 12292(2) 13204(1) 15680(1)
127655;5;2;7;3812(2) 4786(1) 6702(1) 9302(2) 13541(1) 14096(1) 14851(1)
128524;5;2;7;3837(2) 4381(1) 9176(2) 10423(1) 10681(1) 11859(1) 15576(1)
128582;5;2;7;2176(1) 3918(1) 6314(2) 12108(1) 12359(1) 12869(2) 14744(1)
129068;5;2;7;3542(2) 4125(1) 5451(1) 7293(2) 7426(1) 12581(1) 14014(1)
129864;5;2;7;870(2) 1247(1) 11397(1) 11792(1) 11796(2) 13065(1) 15127(1)
130424;5;2;7;800(1) 5242(2) 9374(1) 9718(1) 11393(1) 13508(1) 15319(2)
131134;4;3;7;462(1) 982(1) 3598(2) 10354(2) 12367(2) 14264(1) 15467(1)
132171;5;2;7;327(2) 5451(1) 5805(2) 9902(1) 12267(1) 13406(1) 14545(1)
132186;5;2;7;1148(1) 4421(1) 8497(1) 8881(2) 9918(2) 11906(1) 12958(1)
132722;5;2;7;3677(1) 6556(1) 7126(1) 8587(1) 10064(2) 11876(1) 13146(2)
132820;4;3;7;1224(2) 6169(1) 6171(2) 10639(1) 11355(1) 11592(1) 14582(2)
134136;5;2;7;4920(2) 6113(1) 6334(1) 8113(1) 10480(1) 10774(2) 11397(1)
134651;5;2;7;3779(2) 4090(1) 6476(2) 6649(1) 7263(1) 11623(1) 13897(1)
138754;5;2;7;2852(1) 3457(2) 8070(1) 8312(2) 8585(1) 8587(1) 12447(1)
140244;5;2;7;3307(1) 5714(2) 5987(1) 6435(1) 7164(2) 7512(1) 14756(1)
142052;5;2;7;1076(1) 1156(2) 6259(2) 10294(1) 12186(1) 13057(1) 14053(1)
145283;5;2;7;1194(1) 4182(2) 5451(1) 5596(2) 7133(1) 8735(1) 9726(1)
146227;4;3;7;3025(1) 3078(2) 5449(2) 5806(1) 8944(1) 9682(2) 10257(1)
153214;5;2;7;336(1) 1338(2) 1719(2) 4318(1) 4381(1) 5409(1) 5539(1)
63547;5;1;6;10847(2) 13412(1) 13475(1) 15331(1) 15518(1) 15611(1)
63974;2;4;6;3962(2) 10032(2) 14604(2) 14614(2) 15741(1) 15934(1)
64184;5;1;6;9088(1) 10313(1) 11577(2) 11638(1) 15227(1) 15228(1)
64544;5;1;6;5112(1) 5464(1) 14049(1) 14617(1) 15763(2) 15893(1)
64769;5;1;6;3026(1) 8153(1) 13688(1) 14299(2) 15282(1) 15283(1)
64930;5;1;6;7148(2) 10043(1) 11531(1) 11873(1) 14172(1) 14284(1)
65857;5;1;6;2069(1) 10596(1) 10753(1) 12073(2) 15049(1) 15286(1)
66083;3;3;6;3425(2) 10930(2) 11008(2) 11674(1) 13622(1) 14530(1)
66470;5;1;6;3588(1) 8723(1) 11001(1) 11964(1) 14092(2) 14880(1)
66789;3;3;6;3068(1) 7346(1) 10386(2) 12390(2) 15146(1) 15150(2)
68314;5;1;6;4165(1) 6048(1) 9284(1) 10455(2) 14885(1) 15696(1)
68843;5;1;6;7819(1) 8295(1) 10231(2) 10403(1) 10685(1) 12257(1)
69657;5;1;6;4546(1) 5366(2) 8022(1) 10526(1) 14618(1) 15268(1)
70764;1;5;6;5560(1) 7399(2) 7746(2) 10011(2) 10513(2) 15492(2)
71847;5;1;6;872(1) 1728(1) 10094(2) 10493(1) 15984(1) 16005(1)
72180;4;2;6;3559(1) 7074(2) 7356(1) 7674(2) 13793(1) 15289(1)
73169;2;4;6;2945(1) 3872(2) 8862(1) 11536(2) 11550(2) 14708(2)
73808;5;1;6;596(1) 3832(1) 8080(2) 9969(1) 14805(1) 15426(1)
74285;5;1;6;1467(1) 7015(2) 8909(1) 10267(1) 11583(1) 12883(1)
74416;5;1;6;3991(1) 6083(2) 7655(1) 10668(1) 11126(1) 12416(1)
74476;1;5;6;2853(2) 7130(2) 7989(1) 8189(2) 11164(2) 14556(2)
75068;3;3;6;3951(1) 4067(1) 5256(1) 9642(2) 14032(2) 14188(2)
75853;5;1;6;6533(1) 6637(1) 7083(1) 7878(1) 8484(2) 13508(1)
76099;5;1;6;1070(1) 1644(1) 8409(1) 9982(2) 13362(1) 15353(1)
77942;5;1;6;2544(2) 3725(1) 8581(1) 8798(1) 11000(1) 12962(1)
77981;5;1;6;978(1) 3241(1) 7838(1) 11375(2) 11387(1) 12746(1)
78269;2;4;6;1658(1) 4259(2) 8878(1) 9456(2) 10293(2) 12683(2)
78746;3;3;6;929(1) 1645(2) 3777(2) 11884(2) 12911(1) 15520(1)
79839;4;2;6;3698(1) 4154(1) 6499(2) 8742(1) 10983(2) 11193(1)
80847;3;3;6;94(2) 5358(1) 7696(2) 7806(1) 8500(1) 14536(2)
80982;2;4;6;2984(2) 3453(2) 4565(1) 8013(1) 10233(2) 14555(2)
81421;5;1;6;704(1) 6824(1) 8377(2) 8587(1) 9041(1) 9665(1)
81481;5;1;6;1746(1) 3741(1) 5136(2) 5679(1) 11292(1) 15510(1)
82011;5;1;6;20(1) 4369(1) 6012(1) 7414(1) 9720(2) 14889(1)
83411;5;1;6;225(2) 2932(1) 4195(1) 6232(1) 12461(1) 14325(1)
83805;5;1;6;2183(1) 2996(1) 5586(2) 6470(1) 8226(1) 14317(1)
84456;5;1;6;1532(1) 3822(1) 5387(1) 6728(2) 8261(1) 13058(1)
84771;5;1;6;117(1) 3459(1) 4567(1) 4573(1) 10883(1) 14655(2)
85561;4;2;6;651(1) 1076(1) 1225(1) 7798(2) 10781(2) 15441(1)
85643;4;2;6;2933(1) 3359(2) 3556(1) 7332(1) 8169(1) 11446(2)
85745;3;3;6;330(2) 4824(1) 5229(2) 5616(1) 8285(1) 12337(2)
87284;1;5;6;1997(2) 2000(2) 2098(2) 6474(2) 10566(1) 10591(2)
89195;3;3;6;309(1) 923(2) 3780(2) 4069(1) 7604(2) 12075(1)
89617;2;4;6;2671(2) 2735(2) 3730(1) 3816(1) 6892(2) 7427(2)
89767;4;2;6;746(2) 1279(1) 4815(1) 4837(1) 5773(1) 9288(2)
90205;5;1;6;151(1) 2966(2) 3375(1) 5923(1) 5924(1) 6362(1)
90458;5;1;6;783(2) 1400(1) 1502(1) 2002(1) 5984(1) 11717(1)
91324;3;3;6;4364(2) 13410(1) 14073(2) 14411(1) 15449(1) 15975(2)
91890;3;3;6;7994(2) 10561(2) 10940(2) 14521(1) 15059(1) 15665(1)
92342;3;3;6;10342(1) 10786(1) 11182(2) 14041(2) 14334(2) 14563(1)
96737;4;2;6;4372(2) 8336(1) 8634(1) 12723(2) 14679(1) 15345(1)
109413;4;2;6;5451(1) 6195(2) 6360(1) 7417(2) 8138(1) 10649(1)
96607;4;2;6;1496(2) 5059(2) 10182(1) 11291(1) 13057(1) 15573(1)
123275;4;2;6;1928(2) 3641(1) 11458(2) 13679(1) 13740(1) 15368(1)
124224;4;2;6;8244(1) 11319(1) 11493(2) 11793(2) 12178(1) 14360(1)
124651;4;2;6;5223(1) 6352(2) 11263(1) 11498(1) 11499(1) 14203(2)
124967;4;2;6;462(2) 5154(2) 12947(1) 14004(1) 14287(1) 15635(1)
125014;4;2;6;7226(1) 8217(1) 9446(1) 13997(2) 14919(2) 15024(1)
125535;4;2;6;1055(2) 7737(1) 8908(1) 10325(2) 12938(1) 15474(1)
125584;4;2;6;460(2) 4455(1) 10239(2) 10651(1) 11706(1) 13795(1)
125971;3;3;6;4340(2) 5318(2) 10188(1) 10432(1) 14053(2) 15816(1)
126200;3;3;6;4285(2) 8073(2) 9462(1) 11093(1) 11782(2) 14223(1)
128911;4;2;6;1060(2) 3282(2) 9013(1) 9227(1) 12961(1) 16019(1)
139077;4;2;6;2871(2) 2978(1) 6390(1) 7088(2) 13413(1) 15798(1)
140383;4;2;6;587(2) 860(1) 2893(1) 9775(1) 13395(2) 14030(1)
123145;4;2;6;12072(1) 12409(1) 14407(1) 14877(2) 15009(2) 16007(1)
124532;4;2;6;4651(2) 5307(2) 8622(1) 13937(1) 15005(1) 15202(1)
127134;4;2;6;2037(2) 3517(2) 9771(1) 14627(1) 15817(1) 15818(1)
134052;3;3;6;4958(2) 5226(2) 8097(1) 10603(1) 11340(2) 12086(1)
136827;4;2;6;4708(1) 5949(2) 6180(2) 7526(1) 13400(1) 15923(1)
139871;4;2;6;2495(2) 3403(2) 6662(1) 7623(1) 13897(1) 15707(1)
144189;4;2;6;2220(1) 4599(1) 4727(2) 8209(1) 9950(1) 11153(2)
145613;3;3;6;2881(2) 6032(2) 6069(1) 7023(2) 10644(1) 15407(1)
148390;4;2;6;1333(1) 1369(1) 5175(1) 12344(2) 12924(1) 15907(2)
148931;3;3;6;342(2) 3649(2) 3912(2) 7282(1) 11907(1) 12494(1)
91487;4;1;5;11301(2) 12605(1) 13430(1) 14860(1) 15884(1)
91665;4;1;5;12291(1) 12675(1) 12840(1) 13325(2) 14713(1)
91799;4;1;5;6104(1) 12229(1) 14904(2) 15644(1) 15659(1)
91947;4;1;5;6110(1) 12737(2) 13165(1) 15500(1) 15818(1)
92108;3;2;5;3332(1) 13972(2) 14576(2) 15194(1) 15210(1)
92133;4;1;5;7110(1) 10320(1) 14269(2) 14533(1) 15905(1)
92154;3;2;5;8516(1) 12511(2) 12867(2) 13055(1) 15072(1)
92517;4;1;5;8930(2) 11799(1) 12022(1) 12747(1) 14936(1)
93339;3;2;5;7831(1) 8150(2) 10825(1) 15252(1) 15734(2)
93458;3;2;5;5803(1) 10519(1) 12174(2) 14087(1) 14872(2)
93561;4;1;5;6633(1) 11429(2) 11767(1) 13695(1) 13696(1)
93778;4;1;5;4511(1) 9446(1) 12558(2) 15024(1) 15111(1)
93819;1;4;5;7992(2) 8636(2) 9920(1) 14356(2) 15630(2)
93821;4;1;5;6619(2) 8725(1) 11298(1) 14091(1) 15798(1)
93826;4;1;5;5407(2) 9854(1) 11084(1) 14554(1) 15620(1)
94047;4;1;5;5378(2) 9225(1) 12544(1) 14175(1) 14707(1)
94609;4;1;5;1925(2) 12006(1) 12523(1) 13341(1) 15013(1)
95099;2;3;5;8890(2) 10432(1) 10811(1) 11789(2) 12034(2)
95159;4;1;5;7953(2) 11055(1) 11057(1) 11094(1) 12686(1)
95338;4;1;5;7816(1) 9034(1) 9813(1) 12893(2) 13962(1)
95544;4;1;5;5277(1) 10434(1) 11478(1) 12975(2) 12991(1)
95549;3;2;5;4160(2) 11684(2) 12020(1) 12543(1) 12741(1)
95744;4;1;5;5988(1) 7068(1) 12567(2) 12874(1) 14352(1)
96372;4;1;5;5992(2) 8730(1) 11436(1) 12882(1) 12886(1)
96955;4;1;5;6183(1) 8268(1) 10395(1) 10511(1) 15712(2)
97115;4;1;5;6792(1) 7324(1) 10071(2) 10744(1) 15915(1)
97513;4;1;5;1179(1) 7864(1) 12237(2) 13699(1) 15284(1)
97580;4;1;5;5999(2) 8822(1) 9374(1) 10892(1) 15089(1)
97931;4;1;5;2810(1) 7863(2) 11602(1) 12953(1) 14483(1)
98050;4;1;5;6723(1) 9013(1) 10702(1) 11054(2) 12050(1)
98480;4;1;5;4379(1) 7257(1) 8898(2) 12610(1) 15908(1)
99699;4;1;5;1725(1) 7887(1) 11250(1) 12258(1) 14528(2)
100039;3;2;5;2894(2) 8094(1) 8770(1) 11619(1) 15881(2)
100191;4;1;5;112(1) 7400(1) 9620(1) 14595(2) 15380(1)
100410;4;1;5;1044(2) 4037(1) 11518(1) 14546(1) 15710(1)
100522;4;1;5;1286(1) 9306(2) 10569(1) 10645(1) 14915(1)
100803;4;1;5;2488(1) 6907(1) 10090(1) 11725(1) 15196(2)
101282;3;2;5;294(1) 6819(2) 8242(1) 14983(2) 15572(1)
104213;3;2;5;4996(2) 7703(1) 7704(2) 7705(1) 14949(1)
104676;4;1;5;3909(1) 4499(2) 4892(1) 13446(1) 15896(1)
105332;4;1;5;508(1) 7402(1) 8256(2) 11718(1) 14109(1)
106057;4;1;5;1940(2) 3143(1) 10161(1) 10545(1) 15554(1)
106482;2;3;5;3132(1) 5372(2) 7789(2) 10599(1) 14026(2)
106926;2;3;5;3122(2) 4169(1) 9158(2) 9688(2) 14315(1)
106952;4;1;5;451(1) 5142(1) 8286(2) 12775(1) 13774(1)
106979;4;1;5;6395(1) 6415(1) 7826(1) 8522(2) 11248(1)
107735;3;2;5;3881(2) 5484(1) 6310(1) 9731(2) 14298(1)
108031;4;1;5;929(1) 4234(1) 10651(2) 11706(1) 11884(1)
108448;4;1;5;1625(1) 6453(1) 9790(2) 10428(1) 10689(1)
108692;3;2;5;4221(1) 5977(1) 7667(2) 9951(2) 10936(1)
109828;4;1;5;1462(2) 2555(1) 7694(1) 10967(1) 14961(1)
110738;3;2;5;3286(1) 6145(1) 6146(2) 6815(1) 14370(2)
110780;4;1;5;2957(1) 4272(1) 5738(2) 10024(1) 13729(1)
111369;2;3;5;204(2) 6339(2) 8520(1) 9501(2) 11549(1)
111461;4;1;5;2058(1) 3636(1) 7147(2) 7669(1) 15515(1)
111560;4;1;5;5244(2) 6801(1) 7947(1) 7961(1) 7967(1)
111737;4;1;5;3268(1) 5255(1) 6901(2) 7325(1) 12992(1)
111892;3;2;5;696(1) 2646(1) 7906(2) 9139(1) 15179(2)
112107;4;1;5;5433(1) 5865(2) 7498(1) 7499(1) 9043(1)
112256;4;1;5;4781(1) 6229(1) 6826(2) 8246(1) 9106(1)
112513;4;1;5;1778(1) 2104(1) 6206(2) 11199(1) 13643(1)
112662;2;3;5;42(2) 5376(1) 6448(1) 10172(2) 12729(2)
112995;4;1;5;1883(1) 3464(1) 6594(2) 11175(1) 11337(1)
113522;4;1;5;500(2) 7988(1) 8085(1) 8144(1) 9164(1)
114437;4;1;5;1777(2) 4898(1) 6047(1) 6349(1) 13862(1)
114671;3;2;5;4362(1) 5385(1) 5462(2) 7390(2) 10050(1)
115022;4;1;5;3001(1) 5231(2) 6440(1) 6947(1) 10586(1)
115670;3;2;5;840(2) 1383(1) 1484(2) 13661(1) 14025(1)
115699;4;1;5;1301(1) 3612(1) 4531(2) 6512(1) 15394(1)
115780;4;1;5;118(1) 3675(2) 5851(1) 6378(1) 15212(1)
115785;4;1;5;1407(2) 2463(1) 6606(1) 8482(1) 12267(1)
117119;4;1;5;1784(1) 1801(2) 6006(1) 6542(1) 13373(1)
117646;4;1;5;909(1) 5735(1) 6687(1) 6862(2) 8578(1)
118305;4;1;5;1688(1) 2068(1) 3061(2) 5091(1) 15844(1)
118797;4;1;5;1158(1) 2329(1) 4445(1) 6925(1) 12106(2)
119275;4;1;5;876(1) 2265(1) 5546(1) 6116(1) 11253(2)
119942;3;2;5;375(2) 3984(1) 4297(1) 5497(2) 10479(1)
120064;3;2;5;603(2) 3023(1) 3386(2) 4342(1) 13017(1)
120484;3;2;5;191(1) 3042(2) 4909(1) 7007(1) 8263(2)
121207;3;2;5;716(2) 914(1) 1420(1) 4737(2) 13633(1)
121211;4;1;5;467(2) 3818(1) 3830(1) 4203(1) 9091(1)
121548;4;1;5;732(1) 1390(1) 3077(2) 5063(1) 10070(1)
122084;4;1;5;1520(1) 1859(1) 2343(1) 4866(2) 7650(1)
122431;4;1;5;2158(2) 2378(1) 2658(1) 4333(1) 4639(1)
122679;4;1;5;272(1) 899(2) 1298(1) 5728(1) 5886(1)
122960;2;3;5;14371(2) 14374(2) 14584(2) 14980(1) 15277(1)
123276;2;3;5;4418(2) 12947(1) 13108(1) 14011(2) 14171(2)
127699;3;2;5;889(2) 7777(1) 9873(1) 10730(2) 14588(1)
137701;2;3;5;4887(2) 6585(2) 7092(1) 8215(1) 11509(2)
141085;2;3;5;2880(2) 3634(2) 7564(1) 9590(1) 10565(2)
153252;3;2;5;629(2) 1631(1) 5779(1) 6431(2) 8447(1)
128939;3;2;5;6385(1) 8526(1) 10091(2) 12471(1) 14066(2)
157142;3;2;5;3439(2) 11463(1) 11897(2) 13333(1) 13651(1)
122989;3;1;4;11881(1) 15045(1) 15466(1) 15531(2)
123160;3;1;4;12522(1) 13101(1) 14465(2) 15130(1)
123254;2;2;4;12217(1) 12309(2) 14290(2) 15579(1)
123651;3;1;4;11169(1) 12400(2) 12982(1) 15333(1)
123917;3;1;4;10361(1) 10364(2) 14864(1) 15133(1)
124358;3;1;4;8139(1) 10916(1) 15048(1) 15168(2)
124396;3;1;4;7809(2) 11506(1) 14099(1) 15756(1)
124681;3;1;4;9595(1) 10369(2) 13235(1) 15195(1)
125083;3;1;4;5896(1) 13195(1) 14058(1) 14304(2)
125139;2;2;4;7168(2) 11257(1) 14301(2) 14601(1)
125161;3;1;4;10241(2) 11611(1) 12150(1) 13274(1)
125262;2;2;4;7439(1) 8427(2) 15595(1) 15599(2)
125337;3;1;4;7262(1) 12418(2) 13613(1) 13614(1)
125811;3;1;4;5925(1) 10015(2) 13971(1) 15985(1)
126654;3;1;4;1152(1) 13492(2) 14402(1) 15398(1)
126666;2;2;4;360(1) 13776(2) 14891(2) 15395(1)
126774;2;2;4;5235(2) 9304(2) 14797(1) 14927(1)
126935;3;1;4;2978(1) 12944(2) 13142(1) 14940(1)
126951;2;2;4;6274(1) 11037(2) 12088(1) 14579(2)
127016;3;1;4;4902(2) 7848(1) 15234(1) 15909(1)
127144;3;1;4;3202(1) 10952(1) 13612(2) 15958(1)
127342;3;1;4;7613(2) 10330(1) 12561(1) 12940(1)
127391;3;1;4;3506(1) 10690(1) 13375(1) 15817(2)
127498;3;1;4;6164(1) 6298(2) 15276(1) 15497(1)
127820;3;1;4;6811(2) 8290(1) 13304(1) 14376(1)
127842;3;1;4;8646(1) 9654(1) 11045(1) 13399(2)
128051;3;1;4;5922(1) 9949(1) 11220(1) 15391(2)
129073;3;1;4;2333(2) 7142(1) 15849(1) 15983(1)
129197;3;1;4;1166(1) 12355(1) 13173(1) 14484(2)
129453;2;2;4;5151(2) 10304(2) 10608(1) 14842(1)
129604;2;2;4;1661(2) 12078(1) 13427(1) 13588(2)
129999;3;1;4;612(2) 10634(1) 13256(1) 15831(1)
130144;3;1;4;2614(2) 12391(1) 12392(1) 12793(1)
130366;3;1;4;1869(1) 11116(1) 11621(1) 15315(2)
130696;3;1;4;8838(1) 9183(2) 10474(1) 11102(1)
131110;2;2;4;1866(1) 8367(2) 14347(2) 14615(1)
131449;3;1;4;6175(1) 7873(1) 9108(2) 15722(1)
131813;2;2;4;5617(1) 7982(2) 9643(2) 15297(1)
132402;3;1;4;2743(1) 7745(2) 13127(1) 14326(1)
132423;3;1;4;4838(2) 8466(1) 9445(1) 15176(1)
132453;3;1;4;5831(1) 9217(1) 10446(2) 12401(1)
132576;3;1;4;7933(1) 7940(2) 9111(1) 12804(1)
132754;3;1;4;3956(1) 6283(1) 13447(2) 13935(1)
133025;3;1;4;7528(2) 9363(1) 9389(1) 11103(1)
133279;3;1;4;1345(1) 9391(1) 11336(2) 15090(1)
133549;3;1;4;2008(1) 7601(1) 12196(2) 15128(1)
133552;3;1;4;4532(1) 6436(2) 11096(1) 14867(1)
133777;3;1;4;839(2) 7701(1) 13580(1) 14622(1)
133916;3;1;4;4638(1) 7551(2) 10867(1) 13565(1)
134286;3;1;4;3520(1) 5864(2) 12071(1) 14809(1)
134489;3;1;4;5956(1) 6859(1) 8517(2) 14750(1)
134494;3;1;4;3876(1) 9954(1) 10035(1) 12214(2)
134552;2;2;4;4495(2) 6307(2) 10937(1) 14296(1)
134631;3;1;4;310(1) 9807(1) 12682(1) 13164(2)
135075;3;1;4;973(1) 7434(2) 12326(1) 14841(1)
135330;3;1;4;3669(2) 8453(1) 10226(1) 13008(1)
135602;3;1;4;5529(1) 7761(1) 9339(2) 12489(1)
135711;3;1;4;3708(1) 5636(1) 10429(2) 15254(1)
136057;3;1;4;3220(1) 6208(1) 9786(1) 15530(2)
137002;3;1;4;642(1) 5974(1) 12790(2) 14561(1)
137070;3;1;4;6248(1) 6755(1) 7665(1) 13247(2)
137115;3;1;4;2243(1) 6135(2) 12238(1) 13270(1)
137313;3;1;4;3875(1) 6660(2) 7596(1) 15592(1)
137408;3;1;4;2828(2) 8940(1) 9610(1) 12254(1)
138128;2;2;4;5081(1) 7796(1) 9714(2) 10449(2)
138161;3;1;4;5139(2) 5693(1) 9316(1) 12870(1)
138290;3;1;4;4828(1) 5732(2) 7191(1) 15160(1)
138374;3;1;4;417(1) 1207(2) 15432(1) 15786(1)
138511;3;1;4;6805(2) 7639(1) 8134(1) 10165(1)
139036;3;1;4;1262(2) 9853(1) 10480(1) 10703(1)
139145;3;1;4;547(1) 2471(1) 14069(2) 15116(1)
139428;3;1;4;281(2) 6770(1) 12450(1) 12464(1)
140137;3;1;4;4962(2) 6026(1) 8006(1) 12376(1)
140196;3;1;4;2993(2) 6053(1) 6589(1) 15693(1)
140494;2;2;4;3325(2) 4076(1) 11420(1) 12263(2)
140893;2;2;4;1001(1) 3329(2) 11800(1) 14644(2)
140906;3;1;4;4142(1) 4370(1) 9975(1) 12270(2)
141742;3;1;4;2314(2) 5755(1) 10733(1) 11262(1)
141963;3;1;4;3424(1) 4080(2) 7638(1) 14744(1)
142343;3;1;4;2167(2) 2408(1) 11796(1) 13224(1)
142573;3;1;4;4219(1) 4569(1) 4732(2) 15880(1)
142820;3;1;4;3281(2) 6539(1) 7140(1) 12228(1)
143334;3;1;4;1134(2) 4851(1) 8188(1) 14545(1)
143568;3;1;4;951(1) 4100(1) 9478(1) 13968(2)
144067;3;1;4;1611(1) 5159(2) 8548(1) 12725(1)
144457;3;1;4;6179(1) 6656(1) 7247(1) 7624(2)
144468;3;1;4;1867(2) 2332(1) 11349(1) 12151(1)
144993;3;1;4;4577(1) 5553(2) 7678(1) 9377(1)
145149;3;1;4;2483(1) 5076(2) 7762(1) 11714(1)
146435;3;1;4;3896(1) 4299(1) 8132(2) 9524(1)
146776;3;1;4;1494(1) 1609(2) 6452(1) 15976(1)
148830;3;1;4;297(2) 6240(1) 6409(1) 10346(1)
148846;3;1;4;301(1) 1850(2) 10466(1) 10652(1)
149093;3;1;4;688(1) 3087(2) 9571(1) 9656(1)
151079;3;1;4;1538(2) 5457(1) 6695(1) 6775(1)
151391;3;1;4;231(2) 866(1) 5342(1) 13541(1)
152523;3;1;4;3098(1) 3454(1) 4959(1) 6473(2)
152790;3;1;4;275(1) 1583(1) 2937(2) 12663(1)
152932;3;1;4;805(1) 3422(1) 5493(1) 7490(2)
154120;3;1;4;773(2) 1408(1) 4606(1) 7239(1)
154612;3;1;4;190(1) 354(1) 4745(2) 6230(1)
155040;3;1;4;449(2) 2084(1) 2271(1) 2516(1)
155145;3;1;4;274(1) 372(2) 450(1) 1233(1)
155364;2;1;3;13829(1) 13934(1) 15085(2)
155430;2;1;3;12155(2) 14975(1) 15216(1)
155478;2;1;3;11553(1) 14990(1) 15528(2)
155557;2;1;3;12362(2) 13623(1) 15613(1)
155582;2;1;3;13238(2) 13810(1) 14424(1)
155830;2;1;3;12245(2) 13217(1) 14865(1)
155978;2;1;3;12081(1) 12407(2) 15303(1)
156222;2;1;3;11783(1) 12232(2) 14974(1)
156317;2;1;3;8186(1) 15088(1) 15386(2)
156359;2;1;3;8519(1) 14527(2) 15514(1)
156515;2;1;3;10879(1) 11848(1) 15438(2)
156551;2;1;3;9921(1) 13397(2) 14767(1)
159282;2;1;3;9930(2) 10370(1) 12902(1)
160433;2;1;3;317(2) 15637(1) 15837(1)
161224;2;1;3;3910(2) 13369(1) 13584(1)
161362;2;1;3;5809(2) 12028(1) 12875(1)
162852;2;1;3;4475(2) 9409(1) 15305(1)
163586;2;1;3;5740(2) 10374(1) 12428(1)
166023;2;1;3;1100(2) 10543(1) 14791(1)
167709;2;1;3;563(2) 10961(1) 13513(1)
168775;2;1;3;1741(2) 8281(1) 14104(1)
169092;2;1;3;2266(2) 10692(1) 10891(1)
170543;2;1;3;6694(2) 7836(1) 8191(1)
177105;2;1;3;1960(2) 5206(1) 9583(1)
177479;2;1;3;2005(1) 5695(2) 8640(1)
183606;1;1;2;10724(2) 14173(1)
192587;0;1;1;9236(2)
192588;0;1;1;9235(2)
192589;0;1;1;9098(2)
192590;0;1;1;9084(2)
192591;0;1;1;8660(2)
192592;0;1;1;3606(2)
192593;0;1;1;3521(2)
192594;0;1;1;3492(2)
192595;0;1;1;2888(2)
192596;0;1;1;2160(2)
192597;0;1;1;1934(2)
192598;0;1;1;1620(2)
192599;0;1;1;1474(2)
192600;0;1;1;1452(2)
192601;0;1;1;7(2)
